# nu(cm-1)   I
      457   0.06401
      458   0.06427
      459   0.06455
      460   0.06462
      461   0.06442
      462   0.06396
      463   0.06355
      464   0.06375
      465   0.06439
      466   0.06391
      467   0.06448
      468   0.06456
      469   0.06401
      470   0.06377
      471   0.06435
      472   0.06477
      473   0.06479
      474   0.06438
      475   0.06333
      476   0.06317
      477   0.06385
      478   0.06465
      479   0.06476
      480   0.06469
      481   0.06449
      482   0.06410
      483   0.06390
      484   0.06351
      485   0.06318
      486   0.06336
      487   0.06373
      488   0.06371
      489   0.06349
      490   0.06334
      491   0.06407
      492   0.06423
      493   0.06396
      494   0.06346
      495   0.06367
      496   0.06390
      497   0.06379
      498   0.06307
      499   0.06306
      500   0.06270
      501   0.06242
      502   0.06249
      503   0.06259
      504   0.06282
      505   0.06297
      506   0.06293
      507   0.06281
      508   0.06233
      509   0.06229
      510   0.06270
      511   0.06194
      512   0.06196
      513   0.06223
      514   0.06244
      515   0.06185
      516   0.06212
      517   0.06212
      518   0.06184
      519   0.06195
      520   0.06163
      521   0.06157
      522   0.06170
      523   0.06167
      524   0.06154
      525   0.06163
      526   0.06173
      527   0.06139
      528   0.06176
      529   0.06173
      530   0.06147
      531   0.06128
      532   0.06147
      533   0.06176
      534   0.06197
      535   0.06191
      536   0.06120
      537   0.06137
      538   0.06157
      539   0.06124
      540   0.06154
      541   0.06227
      542   0.06235
      543   0.06143
      544   0.06129
      545   0.06161
      546   0.06164
      547   0.06135
      548   0.06206
      549   0.06179
      550   0.06154
      551   0.06151
      552   0.06146
      553   0.06159
      554   0.06151
      555   0.06134
      556   0.06161
      557   0.06124
      558   0.06099
      559   0.06090
      560   0.06084
      561   0.06153
      562   0.06161
      563   0.06121
      564   0.06060
      565   0.06135
      566   0.06138
      567   0.06115
      568   0.06112
      569   0.06152
      570   0.06174
      571   0.06157
      572   0.06097
      573   0.06098
      574   0.06154
      575   0.06190
      576   0.06182
      577   0.06169
      578   0.06148
      579   0.06101
      580   0.06062
      581   0.06163
      582   0.06159
      583   0.06139
      584   0.06123
      585   0.06126
      586   0.06199
      587   0.06214
      588   0.06184
      589   0.06148
      590   0.06149
      591   0.06116
      592   0.06100
      593   0.06151
      594   0.06163
      595   0.06162
      596   0.06146
      597   0.06117
      598   0.06119
      599   0.06092
      600   0.06096
      601   0.06145
      602   0.06160
      603   0.06121
      604   0.06091
      605   0.06094
      606   0.06142
      607   0.06124
      608   0.06099
      609   0.06095
      610   0.06150
      611   0.06103
      612   0.06094
      613   0.06116
      614   0.06144
      615   0.06117
      616   0.06097
      617   0.06096
      618   0.06120
      619   0.06054
      620   0.06061
      621   0.06044
      622   0.05967
      623   0.06036
      624   0.06008
      625   0.06008
      626   0.06056
      627   0.06029
      628   0.06056
      629   0.06054
      630   0.06035
      631   0.06074
      632   0.06059
      633   0.06031
      634   0.06011
      635   0.06028
      636   0.05984
      637   0.06003
      638   0.06028
      639   0.05994
      640   0.06022
      641   0.06016
      642   0.06033
      643   0.06091
      644   0.06025
      645   0.06007
      646   0.06008
      647   0.06013
      648   0.05996
      649   0.06025
      650   0.06024
      651   0.06004
      652   0.06035
      653   0.06059
      654   0.06056
      655   0.06047
      656   0.06072
      657   0.06066
      658   0.06049
      659   0.06013
      660   0.05952
      661   0.05977
      662   0.06018
      663   0.06052
      664   0.06064
      665   0.06030
      666   0.06025
      667   0.06011
      668   0.05992
      669   0.06026
      670   0.05991
      671   0.05991
      672   0.06008
      673   0.05970
      674   0.05963
      675   0.05992
      676   0.06022
      677   0.06015
      678   0.06001
      679   0.05981
      680   0.05973
      681   0.05993
      682   0.06058
      683   0.06019
      684   0.05990
      685   0.06005
      686   0.06013
      687   0.05987
      688   0.05965
      689   0.05969
      690   0.06034
      691   0.05972
      692   0.05940
      693   0.05945
      694   0.05975
      695   0.05968
      696   0.05977
      697   0.05969
      698   0.05926
      699   0.05991
      700   0.05971
      701   0.05948
      702   0.05964
      703   0.06042
      704   0.06026
      705   0.06004
      706   0.05990
      707   0.05969
      708   0.05975
      709   0.05959
      710   0.05945
      711   0.05973
      712   0.06022
      713   0.05990
      714   0.05958
      715   0.05983
      716   0.05945
      717   0.05961
      718   0.05975
      719   0.05968
      720   0.05969
      721   0.05975
      722   0.05962
      723   0.05952
      724   0.06005
      725   0.06034
      726   0.06049
      727   0.06063
      728   0.06094
      729   0.06049
      730   0.06067
      731   0.06094
      732   0.06103
      733   0.06188
      734   0.06171
      735   0.06113
      736   0.06052
      737   0.06043
      738   0.06039
      739   0.05997
      740   0.05944
      741   0.05942
      742   0.05996
      743   0.05997
      744   0.05975
      745   0.05968
      746   0.06010
      747   0.05977
      748   0.05951
      749   0.05968
      750   0.05987
      751   0.05978
      752   0.05991
      753   0.06011
      754   0.05967
      755   0.05989
      756   0.05986
      757   0.05973
      758   0.05980
      759   0.05975
      760   0.05996
      761   0.05998
      762   0.05961
      763   0.05986
      764   0.05962
      765   0.05958
      766   0.05974
      767   0.05931
      768   0.05970
      769   0.06013
      770   0.06031
      771   0.05997
      772   0.05948
      773   0.05958
      774   0.05983
      775   0.05988
      776   0.05985
      777   0.06005
      778   0.06023
      779   0.06028
      780   0.06014
      781   0.06044
      782   0.06048
      783   0.06045
      784   0.06088
      785   0.06034
      786   0.05996
      787   0.05999
      788   0.06056
      789   0.06050
      790   0.06029
      791   0.06024
      792   0.06034
      793   0.06001
      794   0.06021
      795   0.06032
      796   0.06033
      797   0.06043
      798   0.06027
      799   0.06041
      800   0.06060
      801   0.06061
      802   0.06082
      803   0.06072
      804   0.06055
      805   0.06047
      806   0.06073
      807   0.06042
      808   0.06017
      809   0.06005
      810   0.06003
      811   0.06015
      812   0.06023
      813   0.06013
      814   0.05983
      815   0.06047
      816   0.06041
      817   0.06052
      818   0.06094
      819   0.06077
      820   0.06071
      821   0.06067
      822   0.06047
      823   0.05982
      824   0.06021
      825   0.06009
      826   0.05979
      827   0.05967
      828   0.06004
      829   0.06039
      830   0.06033
      831   0.05991
      832   0.05976
      833   0.05915
      834   0.05947
      835   0.06010
      836   0.05986
      837   0.06034
      838   0.06007
      839   0.05974
      840   0.05984
      841   0.06021
      842   0.05996
      843   0.05974
      844   0.05964
      845   0.05938
      846   0.05928
      847   0.05952
      848   0.05982
      849   0.05985
      850   0.05949
      851   0.05948
      852   0.05980
      853   0.06026
      854   0.05996
      855   0.05961
      856   0.05932
      857   0.05912
      858   0.05907
      859   0.05945
      860   0.05945
      861   0.05944
      862   0.05974
      863   0.05982
      864   0.05927
      865   0.05895
      866   0.05909
      867   0.05935
      868   0.05906
      869   0.05916
      870   0.05950
      871   0.05971
      872   0.05942
      873   0.05913
      874   0.05905
      875   0.05923
      876   0.05910
      877   0.05930
      878   0.05946
      879   0.05950
      880   0.05940
      881   0.05938
      882   0.05976
      883   0.05967
      884   0.05854
      885   0.05957
      886   0.05957
      887   0.05967
      888   0.06004
      889   0.05974
      890   0.05924
      891   0.05917
      892   0.05925
      893   0.05896
      894   0.05929
      895   0.05931
      896   0.05929
      897   0.05943
      898   0.05977
      899   0.05924
      900   0.05901
      901   0.05914
      902   0.05921
      903   0.05952
      904   0.05951
      905   0.05922
      906   0.05884
      907   0.05955
      908   0.05950
      909   0.05950
      910   0.05960
      911   0.05917
      912   0.05875
      913   0.05916
      914   0.05959
      915   0.05923
      916   0.05984
      917   0.05951
      918   0.05932
      919   0.05966
      920   0.06017
      921   0.05971
      922   0.05914
      923   0.05883
      924   0.05908
      925   0.05900
      926   0.05895
      927   0.05887
      928   0.05874
      929   0.05883
      930   0.05957
      931   0.05935
      932   0.05864
      933   0.05879
      934   0.05931
      935   0.05936
      936   0.05916
      937   0.05897
      938   0.05929
      939   0.05974
      940   0.05979
      941   0.05953
      942   0.05949
      943   0.05953
      944   0.05933
      945   0.05916
      946   0.05914
      947   0.05833
      948   0.05854
      949   0.05874
      950   0.05883
      951   0.05928
      952   0.05914
      953   0.05914
      954   0.05918
      955   0.05917
      956   0.05942
      957   0.05874
      958   0.05866
      959   0.05924
      960   0.05901
      961   0.05929
      962   0.05971
      963   0.05974
      964   0.05901
      965   0.05895
      966   0.05887
      967   0.05903
      968   0.05930
      969   0.05893
      970   0.05915
      971   0.05922
      972   0.05906
      973   0.05871
      974   0.05943
      975   0.05919
      976   0.05900
      977   0.05923
      978   0.05969
      979   0.05913
      980   0.05920
      981   0.05950
      982   0.05936
      983   0.05903
      984   0.05974
      985   0.06009
      986   0.05972
      987   0.05946
      988   0.05947
      989   0.05976
      990   0.05979
      991   0.05901
      992   0.05913
      993   0.05896
      994   0.05874
      995   0.05865
      996   0.05898
      997   0.05889
      998   0.05874
      999   0.05890
     1000   0.05959
     1001   0.05903
     1002   0.05895
     1003   0.05896
     1004   0.05890
     1005   0.05881
     1006   0.05903
     1007   0.05907
     1008   0.05912
     1009   0.05941
     1010   0.05925
     1011   0.05912
     1012   0.05926
     1013   0.05955
     1014   0.05941
     1015   0.05938
     1016   0.05923
     1017   0.05904
     1018   0.05892
     1019   0.05895
     1020   0.05918
     1021   0.05940
     1022   0.05936
     1023   0.05871
     1024   0.05861
     1025   0.05884
     1026   0.05927
     1027   0.05964
     1028   0.05892
     1029   0.05893
     1030   0.05902
     1031   0.05910
     1032   0.05939
     1033   0.05913
     1034   0.05893
     1035   0.05903
     1036   0.05946
     1037   0.05936
     1038   0.05931
     1039   0.05926
     1040   0.05930
     1041   0.05954
     1042   0.05969
     1043   0.05958
     1044   0.05948
     1045   0.05959
     1046   0.05991
     1047   0.05944
     1048   0.05926
     1049   0.05950
     1050   0.05997
     1051   0.05910
     1052   0.05929
     1053   0.05935
     1054   0.05901
     1055   0.05931
     1056   0.05919
     1057   0.05910
     1058   0.05921
     1059   0.05955
     1060   0.05927
     1061   0.05920
     1062   0.05946
     1063   0.05977
     1064   0.05926
     1065   0.05946
     1066   0.05952
     1067   0.05943
     1068   0.05930
     1069   0.05941
     1070   0.05953
     1071   0.05931
     1072   0.05903
     1073   0.05937
     1074   0.05904
     1075   0.05919
     1076   0.05922
     1077   0.05894
     1078   0.05949
     1079   0.05904
     1080   0.05879
     1081   0.05898
     1082   0.05956
     1083   0.05956
     1084   0.05943
     1085   0.05945
     1086   0.05969
     1087   0.06007
     1088   0.05943
     1089   0.05921
     1090   0.05943
     1091   0.05987
     1092   0.05957
     1093   0.05933
     1094   0.05927
     1095   0.05932
     1096   0.05932
     1097   0.05976
     1098   0.05940
     1099   0.05901
     1100   0.05907
     1101   0.05923
     1102   0.05895
     1103   0.05893
     1104   0.05901
     1105   0.05886
     1106   0.05922
     1107   0.05932
     1108   0.05927
     1109   0.05915
     1110   0.05891
     1111   0.05905
     1112   0.05912
     1113   0.05903
     1114   0.05877
     1115   0.05878
     1116   0.05908
     1117   0.05914
     1118   0.05900
     1119   0.05888
     1120   0.05891
     1121   0.05910
     1122   0.05917
     1123   0.05904
     1124   0.05901
     1125   0.05887
     1126   0.05888
     1127   0.05889
     1128   0.05874
     1129   0.05912
     1130   0.05878
     1131   0.05870
     1132   0.05896
     1133   0.05904
     1134   0.05924
     1135   0.05928
     1136   0.05931
     1137   0.05933
     1138   0.05904
     1139   0.05897
     1140   0.05880
     1141   0.05892
     1142   0.05972
     1143   0.05988
     1144   0.05934
     1145   0.05918
     1146   0.05952
     1147   0.05981
     1148   0.05965
     1149   0.05960
     1150   0.05960
     1151   0.05960
     1152   0.05958
     1153   0.05943
     1154   0.05943
     1155   0.05950
     1156   0.05947
     1157   0.05920
     1158   0.05915
     1159   0.05921
     1160   0.05921
     1161   0.05891
     1162   0.05919
     1163   0.05926
     1164   0.05948
     1165   0.05986
     1166   0.05897
     1167   0.05948
     1168   0.05921
     1169   0.05863
     1170   0.05873
     1171   0.05896
     1172   0.05884
     1173   0.05881
     1174   0.05894
     1175   0.05904
     1176   0.05933
     1177   0.05921
     1178   0.05923
     1179   0.05956
     1180   0.05928
     1181   0.05899
     1182   0.05910
     1183   0.05932
     1184   0.05933
     1185   0.05963
     1186   0.05896
     1187   0.05888
     1188   0.05949
     1189   0.06004
     1190   0.05933
     1191   0.05930
     1192   0.05960
     1193   0.05974
     1194   0.05871
     1195   0.05907
     1196   0.05916
     1197   0.05904
     1198   0.05892
     1199   0.05881
     1200   0.05920
     1201   0.05942
     1202   0.05932
     1203   0.05902
     1204   0.05928
     1205   0.05966
     1206   0.05954
     1207   0.05903
     1208   0.05913
     1209   0.05907
     1210   0.05921
     1211   0.05929
     1212   0.05917
     1213   0.05911
     1214   0.05869
     1215   0.05889
     1216   0.05946
     1217   0.06040
     1218   0.05997
     1219   0.06001
     1220   0.05915
     1221   0.05900
     1222   0.05920
     1223   0.05947
     1224   0.05943
     1225   0.05901
     1226   0.05884
     1227   0.05893
     1228   0.05919
     1229   0.05941
     1230   0.05948
     1231   0.05932
     1232   0.05887
     1233   0.05917
     1234   0.05928
     1235   0.05920
     1236   0.05911
     1237   0.05836
     1238   0.05874
     1239   0.05895
     1240   0.05892
     1241   0.05927
     1242   0.05884
     1243   0.05913
     1244   0.05920
     1245   0.05887
     1246   0.05900
     1247   0.05893
     1248   0.05894
     1249   0.05900
     1250   0.05910
     1251   0.05946
     1252   0.05930
     1253   0.05935
     1254   0.05933
     1255   0.05897
     1256   0.05963
     1257   0.05937
     1258   0.05920
     1259   0.05928
     1260   0.05932
     1261   0.05935
     1262   0.05940
     1263   0.05916
     1264   0.05888
     1265   0.05956
     1266   0.05995
     1267   0.05961
     1268   0.05946
     1269   0.05993
     1270   0.06027
     1271   0.05999
     1272   0.05997
     1273   0.05979
     1274   0.05912
     1275   0.05930
     1276   0.05891
     1277   0.05891
     1278   0.05901
     1279   0.05866
     1280   0.05904
     1281   0.05941
     1282   0.05964
     1283   0.05971
     1284   0.05962
     1285   0.06027
     1286   0.06057
     1287   0.06012
     1288   0.05926
     1289   0.05948
     1290   0.05881
     1291   0.05931
     1292   0.05971
     1293   0.05960
     1294   0.05978
     1295   0.05964
     1296   0.05962
     1297   0.05967
     1298   0.05969
     1299   0.06002
     1300   0.05989
     1301   0.05946
     1302   0.05925
     1303   0.05945
     1304   0.05948
     1305   0.05934
     1306   0.05910
     1307   0.05896
     1308   0.05913
     1309   0.05935
     1310   0.05964
     1311   0.05969
     1312   0.05933
     1313   0.05851
     1314   0.05890
     1315   0.05898
     1316   0.05910
     1317   0.05932
     1318   0.05920
     1319   0.05878
     1320   0.05903
     1321   0.05911
     1322   0.05868
     1323   0.05915
     1324   0.05948
     1325   0.05956
     1326   0.05930
     1327   0.05882
     1328   0.05913
     1329   0.05934
     1330   0.05957
     1331   0.05942
     1332   0.05858
     1333   0.05898
     1334   0.05905
     1335   0.05904
     1336   0.05913
     1337   0.05943
     1338   0.05936
     1339   0.05927
     1340   0.05918
     1341   0.05910
     1342   0.05905
     1343   0.05930
     1344   0.05919
     1345   0.05910
     1346   0.05904
     1347   0.05872
     1348   0.05930
     1349   0.05925
     1350   0.05896
     1351   0.05893
     1352   0.05978
     1353   0.05911
     1354   0.05886
     1355   0.05889
     1356   0.05896
     1357   0.05882
     1358   0.05939
     1359   0.05920
     1360   0.05890
     1361   0.05902
     1362   0.05913
     1363   0.05930
     1364   0.05943
     1365   0.05953
     1366   0.05964
     1367   0.05965
     1368   0.05972
     1369   0.05959
     1370   0.05938
     1371   0.05933
     1372   0.05956
     1373   0.05938
     1374   0.05930
     1375   0.05933
     1376   0.05932
     1377   0.05984
     1378   0.06020
     1379   0.06031
     1380   0.06039
     1381   0.06073
     1382   0.06082
     1383   0.05992
     1384   0.05969
     1385   0.06009
     1386   0.06000
     1387   0.06044
     1388   0.06102
     1389   0.06124
     1390   0.06107
     1391   0.06080
     1392   0.06002
     1393   0.05988
     1394   0.05972
     1395   0.05947
     1396   0.05960
     1397   0.05930
     1398   0.05957
     1399   0.05948
     1400   0.05902
     1401   0.05948
     1402   0.05870
     1403   0.05878
     1404   0.05895
     1405   0.05894
     1406   0.05939
     1407   0.05980
     1408   0.06013
     1409   0.06025
     1410   0.06009
     1411   0.05979
     1412   0.05905
     1413   0.05907
     1414   0.05915
     1415   0.05894
     1416   0.05926
     1417   0.05934
     1418   0.05990
     1419   0.06062
     1420   0.06116
     1421   0.06134
     1422   0.06076
     1423   0.05977
     1424   0.05928
     1425   0.05958
     1426   0.05901
     1427   0.05843
     1428   0.05900
     1429   0.05965
     1430   0.05965
     1431   0.06019
     1432   0.06143
     1433   0.06231
     1434   0.06244
     1435   0.06175
     1436   0.06088
     1437   0.05986
     1438   0.05949
     1439   0.05936
     1440   0.05920
     1441   0.06016
     1442   0.06033
     1443   0.06090
     1444   0.06199
     1445   0.06327
     1446   0.06349
     1447   0.06394
     1448   0.06336
     1449   0.06190
     1450   0.06015
     1451   0.05928
     1452   0.05955
     1453   0.05965
     1454   0.06018
     1455   0.06170
     1456   0.06328
     1457   0.06531
     1458   0.06621
     1459   0.06604
     1460   0.06515
     1461   0.06372
     1462   0.06199
     1463   0.06043
     1464   0.05937
     1465   0.05906
     1466   0.05958
     1467   0.06040
     1468   0.06277
     1469   0.06589
     1470   0.06854
     1471   0.06946
     1472   0.06873
     1473   0.06697
     1474   0.06451
     1475   0.06193
     1476   0.06082
     1477   0.05988
     1478   0.06028
     1479   0.06154
     1480   0.06328
     1481   0.06629
     1482   0.07014
     1483   0.07242
     1484   0.07216
     1485   0.06950
     1486   0.06686
     1487   0.06291
     1488   0.06067
     1489   0.06031
     1490   0.06122
     1491   0.06185
     1492   0.06427
     1493   0.06772
     1494   0.07131
     1495   0.07401
     1496   0.07443
     1497   0.07162
     1498   0.06828
     1499   0.06461
     1500   0.06131
     1501   0.06051
     1502   0.06136
     1503   0.06292
     1504   0.06506
     1505   0.06809
     1506   0.07306
     1507   0.07495
     1508   0.07505
     1509   0.07362
     1510   0.07069
     1511   0.06588
     1512   0.06322
     1513   0.06265
     1514   0.06310
     1515   0.06416
     1516   0.06617
     1517   0.06939
     1518   0.07320
     1519   0.07515
     1520   0.07465
     1521   0.07277
     1522   0.06916
     1523   0.06498
     1524   0.06213
     1525   0.06113
     1526   0.06146
     1527   0.06220
     1528   0.06462
     1529   0.06825
     1530   0.07183
     1531   0.07367
     1532   0.07249
     1533   0.07025
     1534   0.06688
     1535   0.06355
     1536   0.06180
     1537   0.06207
     1538   0.06283
     1539   0.06395
     1540   0.06581
     1541   0.06861
     1542   0.07076
     1543   0.07336
     1544   0.07627
     1545   0.07938
     1546   0.08360
     1547   0.09403
     1548   0.10948
     1549   0.13287
     1550   0.16621
     1551   0.21188
     1552   0.27558
     1553   0.35128
     1554   0.43045
     1555   0.49132
     1556   0.51073
     1557   0.46266
     1558   0.37190
     1559   0.26818
     1560   0.17119
     1561   0.09940
     1562   0.07000
     1563   0.06463
     1564   0.06224
     1565   0.06148
     1566   0.06165
     1567   0.06258
     1568   0.06431
     1569   0.06515
     1570   0.06615
     1571   0.06722
     1572   0.06758
     1573   0.06633
     1574   0.06509
     1575   0.06363
     1576   0.06223
     1577   0.06149
     1578   0.06273
     1579   0.06440
     1580   0.06743
     1581   0.07125
     1582   0.07440
     1583   0.07331
     1584   0.07184
     1585   0.06922
     1586   0.06579
     1587   0.06257
     1588   0.06193
     1589   0.06341
     1590   0.06528
     1591   0.06839
     1592   0.07272
     1593   0.07664
     1594   0.07799
     1595   0.07575
     1596   0.07193
     1597   0.06768
     1598   0.06316
     1599   0.06266
     1600   0.06324
     1601   0.06519
     1602   0.06890
     1603   0.07454
     1604   0.07927
     1605   0.07904
     1606   0.07667
     1607   0.07280
     1608   0.06766
     1609   0.06303
     1610   0.06254
     1611   0.06373
     1612   0.06611
     1613   0.06954
     1614   0.07397
     1615   0.07732
     1616   0.07683
     1617   0.07412
     1618   0.07050
     1619   0.06580
     1620   0.06310
     1621   0.06260
     1622   0.06376
     1623   0.06608
     1624   0.06916
     1625   0.07423
     1626   0.07605
     1627   0.07531
     1628   0.07265
     1629   0.06877
     1630   0.06433
     1631   0.06243
     1632   0.06263
     1633   0.06380
     1634   0.06529
     1635   0.06995
     1636   0.07221
     1637   0.07234
     1638   0.07097
     1639   0.06862
     1640   0.06509
     1641   0.06230
     1642   0.06176
     1643   0.06220
     1644   0.06316
     1645   0.06543
     1646   0.06820
     1647   0.06937
     1648   0.06879
     1649   0.06690
     1650   0.06450
     1651   0.06242
     1652   0.06102
     1653   0.06073
     1654   0.06163
     1655   0.06341
     1656   0.06480
     1657   0.06610
     1658   0.06616
     1659   0.06509
     1660   0.06342
     1661   0.06188
     1662   0.06042
     1663   0.06023
     1664   0.06065
     1665   0.06140
     1666   0.06282
     1667   0.06351
     1668   0.06361
     1669   0.06331
     1670   0.06240
     1671   0.06064
     1672   0.06006
     1673   0.05975
     1674   0.05958
     1675   0.06021
     1676   0.06182
     1677   0.06206
     1678   0.06183
     1679   0.06111
     1680   0.06016
     1681   0.05946
     1682   0.05976
     1683   0.05955
     1684   0.05914
     1685   0.05943
     1686   0.06038
     1687   0.06116
     1688   0.06056
     1689   0.06073
     1690   0.06018
     1691   0.05933
     1692   0.05908
     1693   0.05872
     1694   0.05904
     1695   0.05924
     1696   0.05974
     1697   0.06047
     1698   0.05990
     1699   0.05975
     1700   0.05943
     1701   0.05915
     1702   0.05911
     1703   0.05944
     1704   0.05934
     1705   0.05920
     1706   0.05922
     1707   0.05932
     1708   0.05906
     1709   0.05885
     1710   0.05867
     1711   0.05880
     1712   0.05898
     1713   0.05901
     1714   0.05904
     1715   0.05887
     1716   0.05882
     1717   0.05867
     1718   0.05864
     1719   0.05934
     1720   0.05844
     1721   0.05862
     1722   0.05889
     1723   0.05887
     1724   0.05861
     1725   0.05879
     1726   0.05907
     1727   0.05889
     1728   0.05859
     1729   0.05850
     1730   0.05846
     1731   0.05862
     1732   0.05857
     1733   0.05846
     1734   0.05854
     1735   0.05906
     1736   0.05890
     1737   0.05869
     1738   0.05847
     1739   0.05851
     1740   0.05890
     1741   0.05876
     1742   0.05925
     1743   0.05884
     1744   0.05883
     1745   0.05939
     1746   0.05875
     1747   0.05936
     1748   0.05890
     1749   0.05877
     1750   0.05908
     1751   0.05916
     1752   0.05867
     1753   0.05868
     1754   0.05862
     1755   0.05846
     1756   0.05842
     1757   0.05890
     1758   0.05871
     1759   0.05872
     1760   0.05885
     1761   0.05857
     1762   0.05734
     1763   0.05854
     1764   0.05840
     1765   0.05873
     1766   0.05901
     1767   0.05850
     1768   0.05882
     1769   0.05866
     1770   0.05830
     1771   0.05838
     1772   0.05880
     1773   0.05842
     1774   0.05856
     1775   0.05858
     1776   0.05873
     1777   0.05892
     1778   0.05893
     1779   0.05855
     1780   0.05844
     1781   0.05837
     1782   0.05829
     1783   0.05824
     1784   0.05825
     1785   0.05846
     1786   0.05853
     1787   0.05852
     1788   0.05847
     1789   0.05842
     1790   0.05848
     1791   0.05884
     1792   0.05885
     1793   0.05858
     1794   0.05841
     1795   0.05895
     1796   0.05893
     1797   0.05822
     1798   0.05833
     1799   0.05891
     1800   0.05834
     1801   0.05797
     1802   0.05837
     1803   0.05882
     1804   0.05930
     1805   0.05964
     1806   0.05884
     1807   0.05912
     1808   0.05868
     1809   0.05864
     1810   0.05898
     1811   0.05868
     1812   0.05909
     1813   0.05876
     1814   0.05870
     1815   0.05877
     1816   0.05872
     1817   0.05889
     1818   0.05866
     1819   0.05878
     1820   0.05872
     1821   0.05842
     1822   0.05837
     1823   0.05825
     1824   0.05851
     1825   0.05867
     1826   0.05867
     1827   0.05859
     1828   0.05850
     1829   0.05876
     1830   0.05894
     1831   0.05841
     1832   0.05783
     1833   0.05876
     1834   0.05854
     1835   0.05821
     1836   0.05840
     1837   0.05847
     1838   0.05806
     1839   0.05874
     1840   0.05874
     1841   0.05829
     1842   0.05812
     1843   0.05821
     1844   0.05802
     1845   0.05866
     1846   0.05858
     1847   0.05836
     1848   0.05843
     1849   0.05881
     1850   0.05857
     1851   0.05848
     1852   0.05874
     1853   0.05892
     1854   0.05871
     1855   0.05819
     1856   0.05916
     1857   0.05885
     1858   0.05867
     1859   0.05875
     1860   0.05893
     1861   0.05901
     1862   0.05860
     1863   0.05884
     1864   0.05871
     1865   0.05840
     1866   0.05862
     1867   0.05894
     1868   0.05886
     1869   0.05908
     1870   0.05934
     1871   0.05914
     1872   0.05804
     1873   0.05854
     1874   0.05871
     1875   0.05862
     1876   0.05851
     1877   0.05862
     1878   0.05871
     1879   0.05873
     1880   0.05851
     1881   0.05842
     1882   0.05859
     1883   0.05884
     1884   0.05876
     1885   0.05889
     1886   0.05892
     1887   0.05890
     1888   0.05893
     1889   0.05879
     1890   0.05856
     1891   0.05888
     1892   0.05894
     1893   0.05866
     1894   0.05842
     1895   0.05845
     1896   0.05831
     1897   0.05820
     1898   0.05838
     1899   0.05870
     1900   0.05849
     1901   0.05840
     1902   0.05879
     1903   0.05871
     1904   0.05844
     1905   0.05855
     1906   0.05890
     1907   0.05883
     1908   0.05868
     1909   0.05852
     1910   0.05865
     1911   0.05916
     1912   0.05965
     1913   0.05991
     1914   0.05934
     1915   0.05904
     1916   0.05934
     1917   0.05862
     1918   0.05900
     1919   0.05877
     1920   0.05855
     1921   0.05835
     1922   0.05814
     1923   0.05852
     1924   0.05835
     1925   0.05867
     1926   0.05871
     1927   0.05836
     1928   0.05825
     1929   0.05841
     1930   0.05823
     1931   0.05834
     1932   0.05844
     1933   0.05830
     1934   0.05827
     1935   0.05825
     1936   0.05876
     1937   0.05882
     1938   0.05851
     1939   0.05838
     1940   0.05875
     1941   0.05847
     1942   0.05858
     1943   0.05864
     1944   0.05859
     1945   0.05874
     1946   0.05835
     1947   0.05833
     1948   0.05820
     1949   0.05792
     1950   0.05785
     1951   0.05871
     1952   0.05848
     1953   0.05815
     1954   0.05837
     1955   0.05871
     1956   0.05864
     1957   0.05843
     1958   0.05868
     1959   0.05854
     1960   0.05843
     1961   0.05846
     1962   0.05850
     1963   0.05824
     1964   0.05857
     1965   0.05840
     1966   0.05845
     1967   0.05868
     1968   0.05806
     1969   0.05827
     1970   0.05855
     1971   0.05847
     1972   0.05829
     1973   0.05833
     1974   0.05858
     1975   0.05809
     1976   0.05807
     1977   0.05813
     1978   0.05846
     1979   0.05908
     1980   0.05871
     1981   0.05835
     1982   0.05857
     1983   0.05885
     1984   0.05883
     1985   0.05844
     1986   0.05812
     1987   0.05821
     1988   0.05822
     1989   0.05811
     1990   0.05810
     1991   0.05852
     1992   0.05864
     1993   0.05904
     1994   0.05876
     1995   0.05824
     1996   0.05808
     1997   0.05843
     1998   0.05823
     1999   0.05838
     2000   0.05877
     2001   0.05887
     2002   0.05858
     2003   0.05914
     2004   0.05901
     2005   0.05844
     2006   0.05848
     2007   0.05884
     2008   0.05878
     2009   0.05899
     2010   0.05918
     2011   0.05886
     2012   0.05889
     2013   0.05904
     2014   0.05844
     2015   0.05869
     2016   0.05841
     2017   0.05821
     2018   0.05817
     2019   0.05814
     2020   0.05789
     2021   0.05834
     2022   0.05827
     2023   0.05864
     2024   0.05882
     2025   0.05850
     2026   0.05851
     2027   0.05865
     2028   0.05849
     2029   0.05857
     2030   0.05871
     2031   0.05867
     2032   0.05866
     2033   0.05852
     2034   0.05855
     2035   0.05887
     2036   0.05894
     2037   0.05846
     2038   0.05858
     2039   0.05863
     2040   0.05841
     2041   0.05824
     2042   0.05831
     2043   0.05854
     2044   0.05860
     2045   0.05870
     2046   0.05844
     2047   0.05831
     2048   0.05842
     2049   0.05849
     2050   0.05812
     2051   0.05788
     2052   0.05865
     2053   0.05901
     2054   0.05847
     2055   0.05785
     2056   0.05816
     2057   0.05854
     2058   0.05824
     2059   0.05830
     2060   0.05879
     2061   0.05847
     2062   0.05823
     2063   0.05850
     2064   0.05880
     2065   0.05919
     2066   0.05941
     2067   0.05879
     2068   0.05885
     2069   0.05859
     2070   0.05870
     2071   0.05880
     2072   0.05861
     2073   0.05852
     2074   0.05889
     2075   0.05834
     2076   0.05813
     2077   0.05838
     2078   0.05865
     2079   0.05834
     2080   0.05830
     2081   0.05873
     2082   0.05885
     2083   0.05860
     2084   0.05831
     2085   0.05853
     2086   0.05837
     2087   0.05837
     2088   0.05865
     2089   0.05879
     2090   0.05855
     2091   0.05864
     2092   0.05862
     2093   0.05834
     2094   0.05857
     2095   0.05889
     2096   0.05877
     2097   0.05888
     2098   0.05861
     2099   0.05886
     2100   0.05866
     2101   0.05815
     2102   0.05801
     2103   0.05864
     2104   0.05870
     2105   0.05894
     2106   0.05895
     2107   0.05890
     2108   0.05908
     2109   0.05914
     2110   0.05876
     2111   0.05870
     2112   0.05870
     2113   0.05870
     2114   0.05877
     2115   0.05891
     2116   0.05887
     2117   0.05853
     2118   0.05855
     2119   0.05880
     2120   0.05881
     2121   0.05850
     2122   0.05906
     2123   0.05868
     2124   0.05849
     2125   0.05862
     2126   0.05874
     2127   0.05888
     2128   0.05880
     2129   0.05870
     2130   0.05861
     2131   0.05869
     2132   0.05886
     2133   0.05826
     2134   0.05869
     2135   0.05867
     2136   0.05855
     2137   0.05857
     2138   0.05869
     2139   0.05837
     2140   0.05838
     2141   0.05816
     2142   0.05833
     2143   0.05876
     2144   0.05903
     2145   0.05895
     2146   0.05911
     2147   0.05941
     2148   0.05940
     2149   0.05933
     2150   0.05945
     2151   0.05925
     2152   0.05930
     2153   0.05899
     2154   0.05914
     2155   0.05901
     2156   0.05829
     2157   0.05853
     2158   0.05877
     2159   0.05830
     2160   0.05868
     2161   0.05928
     2162   0.05925
     2163   0.05879
     2164   0.05898
     2165   0.05909
     2166   0.05898
     2167   0.05904
     2168   0.05945
     2169   0.05986
     2170   0.05962
     2171   0.06002
     2172   0.05982
     2173   0.05927
     2174   0.05883
     2175   0.05868
     2176   0.05916
     2177   0.05876
     2178   0.05902
     2179   0.05950
     2180   0.05944
     2181   0.05849
     2182   0.05901
     2183   0.05911
     2184   0.05942
     2185   0.05966
     2186   0.05987
     2187   0.06027
     2188   0.06004
     2189   0.05991
     2190   0.05946
     2191   0.05908
     2192   0.05900
     2193   0.05918
     2194   0.05930
     2195   0.06016
     2196   0.05990
     2197   0.05954
     2198   0.05949
     2199   0.05953
     2200   0.05914
     2201   0.05992
     2202   0.06041
     2203   0.06086
     2204   0.06128
     2205   0.06155
     2206   0.06147
     2207   0.06060
     2208   0.05962
     2209   0.05912
     2210   0.05951
     2211   0.06033
     2212   0.06025
     2213   0.06065
     2214   0.06064
     2215   0.06013
     2216   0.05959
     2217   0.05957
     2218   0.06041
     2219   0.06145
     2220   0.06221
     2221   0.06289
     2222   0.06288
     2223   0.06187
     2224   0.06028
     2225   0.05997
     2226   0.05992
     2227   0.06016
     2228   0.06083
     2229   0.06130
     2230   0.06093
     2231   0.06070
     2232   0.06033
     2233   0.06006
     2234   0.06027
     2235   0.06142
     2236   0.06356
     2237   0.06576
     2238   0.06451
     2239   0.06406
     2240   0.06265
     2241   0.06128
     2242   0.06074
     2243   0.06029
     2244   0.06058
     2245   0.06181
     2246   0.06203
     2247   0.06204
     2248   0.06199
     2249   0.06109
     2250   0.06070
     2251   0.06153
     2252   0.06338
     2253   0.06524
     2254   0.06648
     2255   0.06679
     2256   0.06560
     2257   0.06307
     2258   0.06113
     2259   0.06037
     2260   0.06089
     2261   0.06221
     2262   0.06320
     2263   0.06298
     2264   0.06270
     2265   0.06186
     2266   0.06113
     2267   0.06136
     2268   0.06297
     2269   0.06574
     2270   0.06838
     2271   0.06789
     2272   0.06652
     2273   0.06497
     2274   0.06245
     2275   0.06107
     2276   0.06155
     2277   0.06244
     2278   0.06314
     2279   0.06329
     2280   0.06284
     2281   0.06214
     2282   0.06136
     2283   0.06141
     2284   0.06315
     2285   0.06594
     2286   0.06863
     2287   0.07030
     2288   0.07026
     2289   0.06994
     2290   0.06908
     2291   0.06825
     2292   0.06754
     2293   0.06678
     2294   0.06702
     2295   0.06594
     2296   0.06440
     2297   0.06295
     2298   0.06180
     2299   0.06103
     2300   0.06095
     2301   0.06358
     2302   0.06534
     2303   0.06614
     2304   0.06574
     2305   0.06431
     2306   0.06260
     2307   0.06143
     2308   0.06111
     2309   0.06104
     2310   0.06184
     2311   0.06277
     2312   0.06269
     2313   0.06294
     2314   0.06256
     2315   0.06291
     2316   0.06421
     2317   0.06685
     2318   0.07082
     2319   0.07541
     2320   0.08239
     2321   0.09628
     2322   0.11885
     2323   0.15481
     2324   0.21010
     2325   0.29227
     2326   0.41701
     2327   0.59072
     2328   0.79164
     2329   0.95420
     2330   1.00000
     2331   0.89234
     2332   0.69135
     2333   0.44682
     2334   0.23352
     2335   0.11561
     2336   0.07296
     2337   0.06460
     2338   0.06363
     2339   0.06272
     2340   0.06262
     2341   0.06293
     2342   0.06358
     2343   0.06388
     2344   0.06328
     2345   0.06248
     2346   0.06283
     2347   0.06194
     2348   0.06206
     2349   0.06265
     2350   0.06316
     2351   0.06411
     2352   0.06332
     2353   0.06263
     2354   0.06266
     2355   0.06291
     2356   0.06411
     2357   0.06679
     2358   0.06785
     2359   0.06763
     2360   0.06705
     2361   0.06525
     2362   0.06314
     2363   0.06211
     2364   0.06292
     2365   0.06434
     2366   0.06541
     2367   0.06539
     2368   0.06482
     2369   0.06406
     2370   0.06343
     2371   0.06388
     2372   0.06672
     2373   0.06928
     2374   0.07062
     2375   0.07011
     2376   0.06780
     2377   0.06469
     2378   0.06332
     2379   0.06310
     2380   0.06394
     2381   0.06496
     2382   0.06554
     2383   0.06540
     2384   0.06430
     2385   0.06349
     2386   0.06416
     2387   0.06591
     2388   0.06861
     2389   0.07097
     2390   0.07091
     2391   0.06980
     2392   0.06735
     2393   0.06422
     2394   0.06344
     2395   0.06470
     2396   0.06587
     2397   0.06593
     2398   0.06626
     2399   0.06473
     2400   0.06356
     2401   0.06342
     2402   0.06445
     2403   0.06661
     2404   0.07014
     2405   0.07001
     2406   0.06919
     2407   0.06695
     2408   0.06436
     2409   0.06284
     2410   0.06273
     2411   0.06424
     2412   0.06443
     2413   0.06415
     2414   0.06398
     2415   0.06356
     2416   0.06261
     2417   0.06304
     2418   0.06564
     2419   0.06810
     2420   0.06889
     2421   0.06776
     2422   0.06541
     2423   0.06296
     2424   0.06107
     2425   0.06173
     2426   0.06268
     2427   0.06362
     2428   0.06377
     2429   0.06282
     2430   0.06198
     2431   0.06151
     2432   0.06256
     2433   0.06397
     2434   0.06527
     2435   0.06571
     2436   0.06474
     2437   0.06333
     2438   0.06174
     2439   0.06106
     2440   0.06105
     2441   0.06139
     2442   0.06160
     2443   0.06128
     2444   0.06123
     2445   0.06021
     2446   0.06025
     2447   0.06090
     2448   0.06158
     2449   0.06221
     2450   0.06327
     2451   0.06218
     2452   0.06143
     2453   0.06066
     2454   0.05997
     2455   0.05983
     2456   0.06045
     2457   0.06094
     2458   0.06024
     2459   0.06013
     2460   0.05999
     2461   0.05954
     2462   0.05945
     2463   0.06074
     2464   0.06219
     2465   0.06109
     2466   0.06055
     2467   0.06001
     2468   0.05964
     2469   0.05972
     2470   0.06006
     2471   0.06039
     2472   0.06011
     2473   0.05976
     2474   0.05974
     2475   0.05986
     2476   0.05975
     2477   0.05966
     2478   0.06050
     2479   0.06040
     2480   0.06007
     2481   0.05965
     2482   0.05910
     2483   0.05855
     2484   0.05888
     2485   0.05877
     2486   0.05945
     2487   0.05918
     2488   0.05892
     2489   0.05898
     2490   0.05871
     2491   0.05933
     2492   0.05934
     2493   0.05924
     2494   0.05906
     2495   0.05889
     2496   0.05876
     2497   0.05873
     2498   0.05901
     2499   0.05874
     2500   0.05892
     2501   0.05905
     2502   0.05888
     2503   0.05860
     2504   0.05863
     2505   0.05849
     2506   0.05870
     2507   0.05922
     2508   0.05900
     2509   0.05848
     2510   0.05834
     2511   0.05799
     2512   0.05884
     2513   0.05882
     2514   0.05849
     2515   0.05860
     2516   0.05856
     2517   0.05786
     2518   0.05820
     2519   0.05821
     2520   0.05860
     2521   0.05842
     2522   0.05847
     2523   0.05879
     2524   0.05875
     2525   0.05858
     2526   0.05935
     2527   0.05848
     2528   0.05842
     2529   0.05858
     2530   0.05833
     2531   0.05802
     2532   0.05849
     2533   0.05824
     2534   0.05882
     2535   0.05843
     2536   0.05807
     2537   0.05837
     2538   0.05867
     2539   0.05840
     2540   0.05846
     2541   0.05838
     2542   0.05844
     2543   0.05846
     2544   0.05843
     2545   0.05855
     2546   0.05873
     2547   0.05850
     2548   0.05821
     2549   0.05816
     2550   0.05831
     2551   0.05846
     2552   0.05846
     2553   0.05822
     2554   0.05762
     2555   0.05812
     2556   0.05856
     2557   0.05855
     2558   0.05839
     2559   0.05850
     2560   0.05783
     2561   0.05888
     2562   0.05871
     2563   0.05852
     2564   0.05864
     2565   0.05855
     2566   0.05785
     2567   0.05842
     2568   0.05828
     2569   0.05861
     2570   0.05849
     2571   0.05861
     2572   0.05909
     2573   0.05888
     2574   0.05890
     2575   0.05810
     2576   0.05820
     2577   0.05856
     2578   0.05885
     2579   0.05873
     2580   0.05808
     2581   0.05882
     2582   0.05844
     2583   0.05848
     2584   0.05843
     2585   0.05852
     2586   0.05872
     2587   0.05859
     2588   0.05848
     2589   0.05827
     2590   0.05860
     2591   0.05836
     2592   0.05822
     2593   0.05845
     2594   0.05844
     2595   0.05849
     2596   0.05874
     2597   0.05839
     2598   0.05824
     2599   0.05827
     2600   0.05821
     2601   0.05809
     2602   0.05858
     2603   0.05817
     2604   0.05822
     2605   0.05810
     2606   0.05830
     2607   0.05856
     2608   0.05833
     2609   0.05892
     2610   0.05846
     2611   0.05882
     2612   0.05862
     2613   0.05841
     2614   0.05848
     2615   0.05853
     2616   0.05829
     2617   0.05840
     2618   0.05871
     2619   0.05859
     2620   0.05828
     2621   0.05821
     2622   0.05848
     2623   0.05856
     2624   0.05794
     2625   0.05795
     2626   0.05823
     2627   0.05794
     2628   0.05781
     2629   0.05830
     2630   0.05804
     2631   0.05853
     2632   0.05848
     2633   0.05821
     2634   0.05845
     2635   0.05864
     2636   0.05838
     2637   0.05826
     2638   0.05788
     2639   0.05831
     2640   0.05831
     2641   0.05829
     2642   0.05835
     2643   0.05838
     2644   0.05831
     2645   0.05807
     2646   0.05819
     2647   0.05808
     2648   0.05790
     2649   0.05795
     2650   0.05819
     2651   0.05826
     2652   0.05774
     2653   0.05810
     2654   0.05814
     2655   0.05803
     2656   0.05812
     2657   0.05832
     2658   0.05841
     2659   0.05867
     2660   0.05834
     2661   0.05783
     2662   0.05789
     2663   0.05798
     2664   0.05795
     2665   0.05794
     2666   0.05800
     2667   0.05759
     2668   0.05771
     2669   0.05769
     2670   0.05797
     2671   0.05814
     2672   0.05800
     2673   0.05792
     2674   0.05760
     2675   0.05821
     2676   0.05811
     2677   0.05791
     2678   0.05776
     2679   0.05769
     2680   0.05786
     2681   0.05850
     2682   0.05818
     2683   0.05786
     2684   0.05785
     2685   0.05795
     2686   0.05785
     2687   0.05782
     2688   0.05866
     2689   0.05866
     2690   0.05849
     2691   0.05807
     2692   0.05784
     2693   0.05791
     2694   0.05807
     2695   0.05802
     2696   0.05761
     2697   0.05805
     2698   0.05781
     2699   0.05835
     2700   0.05858
     2701   0.05820
     2702   0.05798
     2703   0.05797
     2704   0.05762
     2705   0.05832
     2706   0.05826
     2707   0.05820
     2708   0.05810
     2709   0.05787
     2710   0.05811
     2711   0.05782
     2712   0.05827
     2713   0.05777
     2714   0.05798
     2715   0.05846
     2716   0.05837
     2717   0.05777
     2718   0.05784
     2719   0.05776
     2720   0.05767
     2721   0.05817
     2722   0.05817
     2723   0.05769
     2724   0.05759
     2725   0.05809
     2726   0.05758
     2727   0.05793
     2728   0.05800
     2729   0.05788
     2730   0.05775
     2731   0.05784
     2732   0.05818
     2733   0.05797
     2734   0.05801
     2735   0.05774
     2736   0.05813
     2737   0.05831
     2738   0.05782
     2739   0.05737
     2740   0.05831
     2741   0.05834
     2742   0.05812
     2743   0.05785
     2744   0.05778
     2745   0.05792
     2746   0.05815
     2747   0.05821
     2748   0.05756
     2749   0.05808
     2750   0.05776
     2751   0.05767
     2752   0.05756
     2753   0.05756
     2754   0.05782
     2755   0.05769
     2756   0.05796
     2757   0.05810
     2758   0.05811
     2759   0.05789
     2760   0.05753
     2761   0.05756
     2762   0.05814
     2763   0.05730
     2764   0.05701
     2765   0.05801
     2766   0.05784
     2767   0.05770
     2768   0.05776
     2769   0.05746
     2770   0.05727
     2771   0.05759
     2772   0.05762
     2773   0.05805
     2774   0.05802
     2775   0.05794
     2776   0.05790
     2777   0.05758
     2778   0.05744
     2779   0.05720
     2780   0.05734
     2781   0.05713
     2782   0.05742
     2783   0.05777
     2784   0.05770
     2785   0.05764
     2786   0.05761
     2787   0.05759
     2788   0.05759
     2789   0.05755
     2790   0.05745
     2791   0.05759
     2792   0.05790
     2793   0.05745
     2794   0.05796
     2795   0.05828
     2796   0.05782
     2797   0.05753
     2798   0.05749
     2799   0.05764
     2800   0.05795
     2801   0.05758
     2802   0.05742
     2803   0.05788
     2804   0.05772
     2805   0.05759
     2806   0.05758
     2807   0.05766
     2808   0.05801
     2809   0.05785
     2810   0.05791
     2811   0.05778
     2812   0.05779
     2813   0.05783
     2814   0.05770
     2815   0.05752
     2816   0.05766
     2817   0.05770
     2818   0.05747
     2819   0.05729
     2820   0.05763
     2821   0.05750
     2822   0.05707
     2823   0.05731
     2824   0.05765
     2825   0.05780
     2826   0.05761
     2827   0.05782
     2828   0.05788
     2829   0.05766
     2830   0.05745
     2831   0.05756
     2832   0.05770
     2833   0.05771
     2834   0.05806
     2835   0.05770
     2836   0.05764
     2837   0.05750
     2838   0.05717
     2839   0.05762
     2840   0.05786
     2841   0.05731
     2842   0.05762
     2843   0.05785
     2844   0.05811
     2845   0.05814
     2846   0.05783
     2847   0.05786
     2848   0.05753
     2849   0.05823
     2850   0.05779
     2851   0.05787
     2852   0.05788
     2853   0.05763
     2854   0.05752
     2855   0.05755
     2856   0.05773
     2857   0.05770
     2858   0.05776
     2859   0.05752
     2860   0.05774
     2861   0.05805
     2862   0.05761
     2863   0.05715
     2864   0.05735
     2865   0.05801
     2866   0.05755
     2867   0.05805
     2868   0.05815
     2869   0.05782
     2870   0.05809
     2871   0.05760
     2872   0.05753
     2873   0.05767
     2874   0.05819
     2875   0.05815
     2876   0.05781
     2877   0.05763
     2878   0.05761
     2879   0.05751
     2880   0.05814
     2881   0.05792
     2882   0.05798
     2883   0.05755
     2884   0.05737
     2885   0.05750
     2886   0.05735
     2887   0.05770
     2888   0.05778
     2889   0.05761
     2890   0.05778
     2891   0.05780
     2892   0.05754
     2893   0.05724
     2894   0.05722
     2895   0.05756
     2896   0.05738
     2897   0.05807
     2898   0.05766
     2899   0.05772
     2900   0.05817
     2901   0.05835
     2902   0.05807
     2903   0.05751
     2904   0.05796
     2905   0.05814
     2906   0.05776
     2907   0.05742
     2908   0.05754
     2909   0.05787
     2910   0.05798
     2911   0.05808
     2912   0.05829
     2913   0.05779
     2914   0.05783
     2915   0.05800
     2916   0.05800
     2917   0.05782
     2918   0.05770
     2919   0.05800
     2920   0.05792
     2921   0.05866
     2922   0.05825
     2923   0.05810
     2924   0.05847
     2925   0.05861
     2926   0.05811
     2927   0.05788
     2928   0.05803
     2929   0.05820
     2930   0.05848
     2931   0.05821
     2932   0.05797
     2933   0.05779
     2934   0.05764
     2935   0.05816
     2936   0.05847
     2937   0.05767
     2938   0.05767
     2939   0.05791
     2940   0.05794
     2941   0.05781
     2942   0.05773
     2943   0.05774
     2944   0.05816
     2945   0.05827
     2946   0.05808
     2947   0.05749
     2948   0.05766
     2949   0.05803
     2950   0.05777
     2951   0.05748
     2952   0.05837
     2953   0.05804
     2954   0.05829
     2955   0.05854
     2956   0.05797
     2957   0.05778
     2958   0.05820
     2959   0.05820
     2960   0.05853
     2961   0.05855
     2962   0.05804
     2963   0.05805
     2964   0.05816
     2965   0.05813
     2966   0.05803
     2967   0.05794
     2968   0.05782
     2969   0.05824
     2970   0.05908
     2971   0.05970
