1150.0  0.207265E+04  0.205639E+04  0.208614E+04  0.210610E+04  0.208617E+04
1151.0  0.207136E+04  0.205372E+04  0.208252E+04  0.209100E+04  0.209384E+04
1152.0  0.210635E+04  0.205577E+04  0.205577E+04  0.207512E+04  0.208923E+04
1153.0  0.213431E+04  0.206485E+04  0.206485E+04  0.207652E+04  0.208015E+04
1154.0  0.212253E+04  0.208124E+04  0.208810E+04  0.209298E+04  0.208202E+04
1155.0  0.211163E+04  0.209902E+04  0.210749E+04  0.210749E+04  0.208816E+04
1156.0  0.217734E+04  0.210811E+04  0.208721E+04  0.208721E+04  0.208885E+04
1157.0  0.218325E+04  0.214710E+04  0.213395E+04  0.212398E+04  0.209066E+04
1158.0  0.216587E+04  0.216587E+04  0.217197E+04  0.215852E+04  0.209326E+04
1159.0  0.213511E+04  0.213511E+04  0.216358E+04  0.216271E+04  0.209676E+04
1160.0  0.213560E+04  0.213560E+04  0.218970E+04  0.217993E+04  0.213803E+04
1161.0  0.215732E+04  0.215732E+04  0.220190E+04  0.219566E+04  0.217332E+04
1162.0  0.219654E+04  0.219654E+04  0.220133E+04  0.220939E+04  0.219959E+04
1163.0  0.221822E+04  0.221822E+04  0.224818E+04  0.222897E+04  0.222197E+04
1164.0  0.224707E+04  0.224707E+04  0.225334E+04  0.223734E+04  0.222731E+04
1165.0  0.226990E+04  0.226990E+04  0.224299E+04  0.224122E+04  0.222843E+04
1166.0  0.225521E+04  0.225521E+04  0.226187E+04  0.225171E+04  0.224941E+04
1167.0  0.227824E+04  0.227824E+04  0.226655E+04  0.226056E+04  0.226056E+04
1168.0  0.229360E+04  0.229360E+04  0.227734E+04  0.227806E+04  0.226895E+04
1169.0  0.227541E+04  0.227541E+04  0.230672E+04  0.231234E+04  0.227735E+04
1170.0  0.227142E+04  0.227142E+04  0.229158E+04  0.227435E+04  0.226122E+04
1171.0  0.228862E+04  0.228103E+04  0.228890E+04  0.227131E+04  0.227510E+04
1172.0  0.232520E+04  0.230102E+04  0.230102E+04  0.230707E+04  0.231784E+04
1173.0  0.234409E+04  0.228563E+04  0.228563E+04  0.229237E+04  0.229965E+04
1174.0  0.235056E+04  0.229953E+04  0.228843E+04  0.228922E+04  0.229211E+04
1175.0  0.235963E+04  0.232299E+04  0.229383E+04  0.228783E+04  0.229201E+04
1176.0  0.240652E+04  0.231810E+04  0.226863E+04  0.226754E+04  0.229690E+04
1177.0  0.312233E+04  0.231428E+04  0.228854E+04  0.225974E+04  0.227572E+04
1178.0  0.339094E+04  0.229619E+04  0.229467E+04  0.226503E+04  0.227160E+04
1179.0  0.245863E+04  0.225069E+04  0.225058E+04  0.228813E+04  0.231359E+04
1180.0  0.233090E+04  0.228238E+04  0.228431E+04  0.229965E+04  0.231507E+04
1181.0  0.231710E+04  0.231401E+04  0.231152E+04  0.231152E+04  0.231812E+04
1182.0  0.234479E+04  0.233588E+04  0.232266E+04  0.232266E+04  0.232371E+04
1183.0  0.232519E+04  0.231767E+04  0.230096E+04  0.230096E+04  0.228660E+04
1184.0  0.234018E+04  0.233628E+04  0.231739E+04  0.231739E+04  0.231070E+04
1185.0  0.237073E+04  0.237073E+04  0.235403E+04  0.235346E+04  0.235182E+04
1186.0  0.238403E+04  0.238403E+04  0.238344E+04  0.238007E+04  0.232171E+04
1187.0  0.238646E+04  0.238646E+04  0.238782E+04  0.238437E+04  0.234166E+04
1188.0  0.239945E+04  0.239040E+04  0.237255E+04  0.237029E+04  0.236816E+04
1189.0  0.243796E+04  0.240301E+04  0.233404E+04  0.233387E+04  0.238006E+04
1190.0  0.241777E+04  0.238594E+04  0.236003E+04  0.232713E+04  0.234487E+04
1191.0  0.241779E+04  0.237738E+04  0.236805E+04  0.233468E+04  0.234193E+04
1192.0  0.243979E+04  0.238064E+04  0.235429E+04  0.235429E+04  0.237543E+04
1193.0  0.240617E+04  0.239045E+04  0.237390E+04  0.237390E+04  0.239714E+04
1194.0  0.241009E+04  0.238506E+04  0.237787E+04  0.237921E+04  0.239248E+04
1195.0  0.242926E+04  0.238138E+04  0.237991E+04  0.238010E+04  0.238010E+04
1196.0  0.242576E+04  0.241641E+04  0.240793E+04  0.239481E+04  0.239481E+04
1197.0  0.241512E+04  0.241467E+04  0.240851E+04  0.240129E+04  0.238153E+04
1198.0  0.241948E+04  0.241174E+04  0.240949E+04  0.241074E+04  0.237923E+04
1199.0  0.245452E+04  0.242506E+04  0.242491E+04  0.242966E+04  0.241076E+04
1200.0  0.243747E+04  0.241558E+04  0.240386E+04  0.240561E+04  0.243839E+04
1201.0  0.241820E+04  0.240718E+04  0.241488E+04  0.239587E+04  0.243476E+04
1202.0  0.240163E+04  0.240163E+04  0.245737E+04  0.240696E+04  0.240648E+04
1203.0  0.239672E+04  0.239672E+04  0.246228E+04  0.245952E+04  0.245274E+04
1204.0  0.242773E+04  0.242773E+04  0.246718E+04  0.245118E+04  0.244627E+04
1205.0  0.247556E+04  0.246762E+04  0.246696E+04  0.242304E+04  0.243347E+04
1206.0  0.251411E+04  0.247043E+04  0.244873E+04  0.244127E+04  0.249866E+04
1207.0  0.252312E+04  0.248550E+04  0.247400E+04  0.246396E+04  0.249360E+04
1208.0  0.251650E+04  0.249648E+04  0.250347E+04  0.248417E+04  0.248417E+04
1209.0  0.249616E+04  0.249508E+04  0.252100E+04  0.249820E+04  0.249820E+04
1210.0  0.246658E+04  0.246658E+04  0.250746E+04  0.249107E+04  0.249107E+04
1211.0  0.247011E+04  0.244838E+04  0.247899E+04  0.249895E+04  0.247794E+04
1212.0  0.249946E+04  0.244302E+04  0.244079E+04  0.251384E+04  0.246244E+04
1213.0  0.247141E+04  0.245424E+04  0.242747E+04  0.244582E+04  0.246735E+04
1214.0  0.248111E+04  0.246732E+04  0.243186E+04  0.241321E+04  0.243777E+04
1215.0  0.248893E+04  0.246812E+04  0.243882E+04  0.240384E+04  0.240384E+04
1216.0  0.243001E+04  0.242674E+04  0.242549E+04  0.241156E+04  0.241156E+04
1217.0  0.242698E+04  0.242698E+04  0.243783E+04  0.243353E+04  0.243353E+04
1218.0  0.245067E+04  0.244279E+04  0.245444E+04  0.246449E+04  0.244329E+04
1219.0  0.249627E+04  0.246804E+04  0.246847E+04  0.250448E+04  0.242856E+04
1220.0  0.249260E+04  0.246090E+04  0.246090E+04  0.248440E+04  0.244420E+04
1221.0  0.249113E+04  0.246001E+04  0.246001E+04  0.247099E+04  0.248514E+04
1222.0  0.249449E+04  0.246727E+04  0.246727E+04  0.246858E+04  0.253679E+04
1223.0  0.250782E+04  0.248762E+04  0.248762E+04  0.249174E+04  0.250802E+04
1224.0  0.253319E+04  0.251615E+04  0.251038E+04  0.251297E+04  0.250671E+04
1225.0  0.255490E+04  0.254183E+04  0.253442E+04  0.253112E+04  0.252050E+04
1226.0  0.255069E+04  0.254885E+04  0.255898E+04  0.254305E+04  0.254156E+04
1227.0  0.256937E+04  0.254765E+04  0.255302E+04  0.255557E+04  0.255557E+04
1228.0  0.257491E+04  0.254860E+04  0.256363E+04  0.257225E+04  0.257225E+04
1229.0  0.255526E+04  0.255492E+04  0.260644E+04  0.259471E+04  0.259471E+04
1230.0  0.263052E+04  0.263052E+04  0.264926E+04  0.265043E+04  0.263588E+04
1231.0  0.264584E+04  0.264584E+04  0.265418E+04  0.265842E+04  0.264847E+04
1232.0  0.262178E+04  0.262178E+04  0.263881E+04  0.264095E+04  0.264388E+04
1233.0  0.264916E+04  0.264916E+04  0.268094E+04  0.269852E+04  0.267196E+04
1234.0  0.265750E+04  0.265750E+04  0.269701E+04  0.269445E+04  0.267699E+04
1235.0  0.265739E+04  0.265739E+04  0.269592E+04  0.267441E+04  0.268050E+04
1236.0  0.265528E+04  0.265528E+04  0.267836E+04  0.267581E+04  0.270298E+04
1237.0  0.268599E+04  0.268599E+04  0.269545E+04  0.267843E+04  0.269020E+04
1238.0  0.271313E+04  0.271313E+04  0.269963E+04  0.268031E+04  0.270201E+04
1239.0  0.272965E+04  0.272884E+04  0.268143E+04  0.268201E+04  0.275042E+04
1240.0  0.276688E+04  0.271971E+04  0.270602E+04  0.273961E+04  0.271741E+04
1241.0  0.276406E+04  0.272559E+04  0.272559E+04  0.275299E+04  0.270317E+04
1242.0  0.274319E+04  0.274319E+04  0.274055E+04  0.274055E+04  0.271240E+04
1243.0  0.276777E+04  0.276777E+04  0.274969E+04  0.274969E+04  0.277352E+04
1244.0  0.280495E+04  0.280075E+04  0.278033E+04  0.278033E+04  0.281995E+04
1245.0  0.283368E+04  0.282750E+04  0.281441E+04  0.281441E+04  0.284914E+04
1246.0  0.283579E+04  0.283523E+04  0.284040E+04  0.284040E+04  0.285265E+04
1247.0  0.283410E+04  0.283410E+04  0.286893E+04  0.285881E+04  0.286249E+04
1248.0  0.285880E+04  0.285880E+04  0.288802E+04  0.287738E+04  0.287906E+04
1249.0  0.291344E+04  0.291288E+04  0.289941E+04  0.289933E+04  0.290369E+04
1250.0  0.297740E+04  0.296629E+04  0.296266E+04  0.296117E+04  0.295358E+04
1251.0  0.302450E+04  0.299576E+04  0.299576E+04  0.299597E+04  0.296579E+04
1252.0  0.304873E+04  0.300858E+04  0.300142E+04  0.300398E+04  0.296195E+04
1253.0  0.302343E+04  0.301140E+04  0.296979E+04  0.297024E+04  0.298093E+04
1254.0  0.302186E+04  0.299985E+04  0.297791E+04  0.298950E+04  0.299935E+04
1255.0  0.301250E+04  0.298643E+04  0.300403E+04  0.301304E+04  0.301049E+04
1256.0  0.297806E+04  0.297659E+04  0.304269E+04  0.301866E+04  0.300908E+04
1257.0  0.296344E+04  0.295154E+04  0.297492E+04  0.297801E+04  0.295413E+04
1258.0  0.296064E+04  0.294264E+04  0.294009E+04  0.294607E+04  0.292636E+04
1259.0  0.296451E+04  0.294772E+04  0.294038E+04  0.292262E+04  0.292262E+04
1260.0  0.293849E+04  0.293436E+04  0.292351E+04  0.287692E+04  0.287692E+04
1261.0  0.292289E+04  0.289400E+04  0.288295E+04  0.285347E+04  0.288142E+04
1262.0  0.290721E+04  0.285329E+04  0.284312E+04  0.284312E+04  0.289805E+04
1263.0  0.287627E+04  0.285048E+04  0.283960E+04  0.283960E+04  0.287835E+04
1264.0  0.287275E+04  0.286401E+04  0.287168E+04  0.286876E+04  0.285574E+04
1265.0  0.285822E+04  0.285822E+04  0.288324E+04  0.288053E+04  0.284229E+04
1266.0  0.281953E+04  0.281953E+04  0.285440E+04  0.285732E+04  0.284299E+04
1267.0  0.285855E+04  0.285161E+04  0.286233E+04  0.287088E+04  0.287145E+04
1268.0  0.288792E+04  0.288189E+04  0.287236E+04  0.287899E+04  0.290267E+04
1269.0  0.291185E+04  0.291185E+04  0.288694E+04  0.288402E+04  0.292808E+04
1270.0  0.295265E+04  0.295265E+04  0.292141E+04  0.289809E+04  0.290767E+04
1271.0  0.295689E+04  0.294165E+04  0.292541E+04  0.293146E+04  0.292334E+04
1272.0  0.295444E+04  0.293079E+04  0.293312E+04  0.296529E+04  0.295289E+04
1273.0  0.296922E+04  0.296668E+04  0.297675E+04  0.298288E+04  0.298244E+04
1274.0  0.299514E+04  0.297162E+04  0.297581E+04  0.299181E+04  0.296062E+04
1275.0  0.299741E+04  0.296135E+04  0.296135E+04  0.297728E+04  0.294048E+04
1276.0  0.297036E+04  0.293788E+04  0.293788E+04  0.293723E+04  0.293041E+04
1277.0  0.295347E+04  0.290832E+04  0.290832E+04  0.291682E+04  0.291493E+04
1278.0  0.291833E+04  0.289005E+04  0.288657E+04  0.287903E+04  0.287903E+04
1279.0  0.287920E+04  0.287920E+04  0.287120E+04  0.284069E+04  0.284069E+04
1280.0  0.287005E+04  0.287005E+04  0.286205E+04  0.284421E+04  0.284421E+04
1281.0  0.284178E+04  0.284178E+04  0.286983E+04  0.282424E+04  0.282424E+04
1282.0  0.281800E+04  0.281800E+04  0.284270E+04  0.278948E+04  0.278948E+04
1283.0  0.281236E+04  0.281236E+04  0.274343E+04  0.274019E+04  0.274019E+04
1284.0  0.273890E+04  0.273758E+04  0.267905E+04  0.267905E+04  0.271000E+04
1285.0  0.265566E+04  0.265439E+04  0.261164E+04  0.261164E+04  0.264304E+04
1286.0  0.257573E+04  0.257573E+04  0.254205E+04  0.254205E+04  0.254404E+04
1287.0  0.257292E+04  0.257292E+04  0.250050E+04  0.250050E+04  0.248137E+04
1288.0  0.253396E+04  0.253396E+04  0.248034E+04  0.248034E+04  0.246908E+04
1289.0  0.248103E+04  0.248103E+04  0.246311E+04  0.245862E+04  0.246272E+04
1290.0  0.243807E+04  0.243807E+04  0.242437E+04  0.240227E+04  0.240285E+04
1291.0  0.243453E+04  0.243453E+04  0.240152E+04  0.239123E+04  0.241890E+04
1292.0  0.245194E+04  0.245194E+04  0.241608E+04  0.240114E+04  0.243436E+04
1293.0  0.248787E+04  0.248787E+04  0.247878E+04  0.242791E+04  0.242802E+04
1294.0  0.248168E+04  0.248168E+04  0.247830E+04  0.246310E+04  0.248065E+04
1295.0  0.250299E+04  0.250299E+04  0.250524E+04  0.251134E+04  0.251073E+04
1296.0  0.254245E+04  0.254245E+04  0.255190E+04  0.256812E+04  0.253190E+04
1297.0  0.257064E+04  0.257064E+04  0.259558E+04  0.261956E+04  0.259461E+04
1298.0  0.265869E+04  0.263266E+04  0.264656E+04  0.265955E+04  0.264900E+04
1299.0  0.274134E+04  0.270260E+04  0.270418E+04  0.270653E+04  0.270653E+04
1300.0  0.276741E+04  0.276392E+04  0.277043E+04  0.277701E+04  0.277701E+04
1301.0  0.290333E+04  0.283349E+04  0.283351E+04  0.283606E+04  0.287035E+04
1302.0  0.298238E+04  0.290533E+04  0.289182E+04  0.289182E+04  0.293529E+04
1303.0  0.298745E+04  0.297503E+04  0.294557E+04  0.294222E+04  0.296420E+04
1304.0  0.299450E+04  0.299124E+04  0.300197E+04  0.294575E+04  0.295151E+04
1305.0  0.300336E+04  0.300336E+04  0.301155E+04  0.297064E+04  0.296155E+04
1306.0  0.301291E+04  0.301291E+04  0.299485E+04  0.299485E+04  0.297565E+04
1307.0  0.302138E+04  0.302138E+04  0.297652E+04  0.297652E+04  0.296084E+04
1308.0  0.298654E+04  0.298654E+04  0.296388E+04  0.296388E+04  0.293122E+04
1309.0  0.295515E+04  0.292822E+04  0.292677E+04  0.294821E+04  0.289698E+04
1310.0  0.294528E+04  0.284924E+04  0.284920E+04  0.292564E+04  0.286102E+04
1311.0  0.286277E+04  0.283193E+04  0.282576E+04  0.285031E+04  0.283259E+04
1312.0  0.285858E+04  0.280665E+04  0.278281E+04  0.278281E+04  0.279306E+04
1313.0  0.289807E+04  0.277781E+04  0.273177E+04  0.272564E+04  0.274372E+04
1314.0  0.280285E+04  0.277640E+04  0.273741E+04  0.268614E+04  0.269012E+04
1315.0  0.274510E+04  0.274510E+04  0.271672E+04  0.268513E+04  0.268716E+04
1316.0  0.268957E+04  0.268957E+04  0.269182E+04  0.269182E+04  0.267760E+04
1317.0  0.260492E+04  0.260492E+04  0.268124E+04  0.268124E+04  0.260635E+04
1318.0  0.263798E+04  0.263299E+04  0.266443E+04  0.266443E+04  0.264284E+04
1319.0  0.267155E+04  0.266618E+04  0.265007E+04  0.265007E+04  0.267197E+04
1320.0  0.268669E+04  0.268669E+04  0.264200E+04  0.264346E+04  0.267709E+04
1321.0  0.268034E+04  0.268034E+04  0.268363E+04  0.271544E+04  0.269967E+04
1322.0  0.274745E+04  0.271495E+04  0.272660E+04  0.276471E+04  0.276499E+04
1323.0  0.285558E+04  0.279073E+04  0.279073E+04  0.281956E+04  0.285366E+04
1324.0  0.295650E+04  0.292976E+04  0.292976E+04  0.294377E+04  0.293623E+04
1325.0  0.309792E+04  0.307049E+04  0.307049E+04  0.309105E+04  0.308405E+04
1326.0  0.323116E+04  0.320628E+04  0.319716E+04  0.321765E+04  0.323723E+04
1327.0  0.333422E+04  0.333334E+04  0.330022E+04  0.330094E+04  0.337205E+04
1328.0  0.351752E+04  0.351752E+04  0.349916E+04  0.349916E+04  0.355448E+04
1329.0  0.370234E+04  0.369154E+04  0.368478E+04  0.367629E+04  0.370515E+04
1330.0  0.387340E+04  0.384797E+04  0.384733E+04  0.382735E+04  0.383351E+04
1331.0  0.396094E+04  0.395528E+04  0.394970E+04  0.394525E+04  0.399872E+04
1332.0  0.405353E+04  0.405353E+04  0.404805E+04  0.404805E+04  0.409136E+04
1333.0  0.415887E+04  0.415866E+04  0.415550E+04  0.416075E+04  0.415554E+04
1334.0  0.428950E+04  0.428858E+04  0.428825E+04  0.431115E+04  0.422121E+04
1335.0  0.429566E+04  0.428844E+04  0.428844E+04  0.427112E+04  0.423336E+04
1336.0  0.427521E+04  0.426783E+04  0.429510E+04  0.424093E+04  0.424093E+04
1337.0  0.424671E+04  0.424671E+04  0.432660E+04  0.425107E+04  0.425107E+04
1338.0  0.428132E+04  0.428132E+04  0.429835E+04  0.425248E+04  0.425248E+04
1339.0  0.426223E+04  0.426223E+04  0.429516E+04  0.426643E+04  0.426419E+04
1340.0  0.423500E+04  0.423239E+04  0.430092E+04  0.428300E+04  0.427877E+04
1341.0  0.429010E+04  0.427548E+04  0.428679E+04  0.428300E+04  0.428230E+04
1342.0  0.425056E+04  0.421372E+04  0.421372E+04  0.423709E+04  0.422575E+04
1343.0  0.416199E+04  0.412420E+04  0.414880E+04  0.417932E+04  0.415959E+04
1344.0  0.403269E+04  0.403164E+04  0.411983E+04  0.412068E+04  0.410166E+04
1345.0  0.397752E+04  0.397546E+04  0.400162E+04  0.400162E+04  0.396752E+04
1346.0  0.385378E+04  0.385196E+04  0.385092E+04  0.385092E+04  0.386495E+04
1347.0  0.368295E+04  0.368295E+04  0.368276E+04  0.368276E+04  0.377159E+04
1348.0  0.356917E+04  0.356917E+04  0.355343E+04  0.355343E+04  0.357018E+04
1349.0  0.344050E+04  0.341126E+04  0.340152E+04  0.340922E+04  0.338672E+04
1350.0  0.330688E+04  0.325735E+04  0.323954E+04  0.325124E+04  0.323971E+04
1351.0  0.317470E+04  0.314921E+04  0.307414E+04  0.307524E+04  0.315843E+04
1352.0  0.300957E+04  0.300114E+04  0.300504E+04  0.300504E+04  0.300364E+04
1353.0  0.290021E+04  0.289101E+04  0.291814E+04  0.291814E+04  0.287882E+04
1354.0  0.285202E+04  0.282488E+04  0.280297E+04  0.280444E+04  0.279426E+04
1355.0  0.276294E+04  0.273368E+04  0.272803E+04  0.275142E+04  0.269387E+04
1356.0  0.266970E+04  0.265078E+04  0.265078E+04  0.267024E+04  0.261655E+04
1357.0  0.259363E+04  0.258055E+04  0.258055E+04  0.259633E+04  0.256397E+04
1358.0  0.257949E+04  0.253671E+04  0.253671E+04  0.259350E+04  0.255124E+04
1359.0  0.254378E+04  0.252375E+04  0.252084E+04  0.254754E+04  0.254259E+04
1360.0  0.251507E+04  0.251507E+04  0.250862E+04  0.250862E+04  0.253800E+04
1361.0  0.250305E+04  0.250305E+04  0.249306E+04  0.249306E+04  0.253800E+04
1362.0  0.251357E+04  0.251357E+04  0.254372E+04  0.252541E+04  0.253870E+04
1363.0  0.252624E+04  0.252624E+04  0.258024E+04  0.255300E+04  0.255300E+04
1364.0  0.255527E+04  0.255182E+04  0.260819E+04  0.258515E+04  0.258527E+04
1365.0  0.265784E+04  0.263387E+04  0.264498E+04  0.265730E+04  0.265813E+04
1366.0  0.275188E+04  0.273783E+04  0.270846E+04  0.271024E+04  0.271071E+04
1367.0  0.282166E+04  0.281776E+04  0.277604E+04  0.276466E+04  0.277214E+04
1368.0  0.284996E+04  0.283757E+04  0.283476E+04  0.283399E+04  0.286341E+04
1369.0  0.292224E+04  0.291777E+04  0.291646E+04  0.291646E+04  0.296584E+04
1370.0  0.303800E+04  0.302890E+04  0.301852E+04  0.301852E+04  0.306041E+04
1371.0  0.317736E+04  0.315415E+04  0.313424E+04  0.313059E+04  0.314173E+04
1372.0  0.319081E+04  0.318529E+04  0.321562E+04  0.317588E+04  0.317853E+04
1373.0  0.326514E+04  0.326514E+04  0.328922E+04  0.323822E+04  0.323822E+04
1374.0  0.334601E+04  0.334426E+04  0.333532E+04  0.329426E+04  0.330439E+04
1375.0  0.337149E+04  0.336337E+04  0.331834E+04  0.331337E+04  0.336031E+04
1376.0  0.335547E+04  0.335196E+04  0.333981E+04  0.330929E+04  0.330329E+04
1377.0  0.331340E+04  0.331340E+04  0.333049E+04  0.328558E+04  0.325627E+04
1378.0  0.324741E+04  0.324741E+04  0.327533E+04  0.323907E+04  0.323907E+04
1379.0  0.317732E+04  0.317732E+04  0.320311E+04  0.310598E+04  0.310598E+04
1380.0  0.309661E+04  0.309484E+04  0.310879E+04  0.302726E+04  0.302726E+04
1381.0  0.300307E+04  0.299967E+04  0.300207E+04  0.297418E+04  0.296592E+04
1382.0  0.288553E+04  0.288496E+04  0.289869E+04  0.289487E+04  0.284767E+04
1383.0  0.277308E+04  0.277308E+04  0.278511E+04  0.277705E+04  0.275320E+04
1384.0  0.266903E+04  0.266903E+04  0.268435E+04  0.267127E+04  0.267127E+04
1385.0  0.257626E+04  0.257626E+04  0.260786E+04  0.259974E+04  0.259974E+04
1386.0  0.254636E+04  0.250974E+04  0.251963E+04  0.251439E+04  0.251439E+04
1387.0  0.248848E+04  0.245665E+04  0.245784E+04  0.243947E+04  0.243947E+04
1388.0  0.241742E+04  0.241688E+04  0.241622E+04  0.238020E+04  0.237719E+04
1389.0  0.240042E+04  0.239634E+04  0.237160E+04  0.236179E+04  0.233894E+04
1390.0  0.235563E+04  0.233962E+04  0.231491E+04  0.231348E+04  0.230803E+04
1391.0  0.229852E+04  0.227857E+04  0.226539E+04  0.226539E+04  0.227317E+04
1392.0  0.223617E+04  0.223464E+04  0.223917E+04  0.223917E+04  0.222500E+04
1393.0  0.223165E+04  0.221541E+04  0.221751E+04  0.222141E+04  0.221320E+04
1394.0  0.220620E+04  0.218407E+04  0.218407E+04  0.219078E+04  0.218822E+04
1395.0  0.215960E+04  0.214374E+04  0.214307E+04  0.215053E+04  0.214980E+04
1396.0  0.215535E+04  0.215153E+04  0.214378E+04  0.214557E+04  0.213704E+04
1397.0  0.214480E+04  0.213802E+04  0.213286E+04  0.213625E+04  0.212089E+04
1398.0  0.213018E+04  0.211888E+04  0.212312E+04  0.212318E+04  0.210704E+04
1399.0  0.211246E+04  0.211108E+04  0.213092E+04  0.210546E+04  0.210349E+04
1400.0  0.212404E+04  0.212404E+04  0.212467E+04  0.211338E+04  0.209934E+04
1401.0  0.214322E+04  0.214003E+04  0.211745E+04  0.211745E+04  0.211329E+04
1402.0  0.216362E+04  0.215390E+04  0.211251E+04  0.211265E+04  0.214687E+04
1403.0  0.212888E+04  0.212625E+04  0.212527E+04  0.212896E+04  0.211851E+04
1404.0  0.214277E+04  0.212492E+04  0.211483E+04  0.211760E+04  0.213700E+04
1405.0  0.217584E+04  0.214205E+04  0.211260E+04  0.210702E+04  0.217207E+04
1406.0  0.217514E+04  0.216970E+04  0.218847E+04  0.215736E+04  0.216781E+04
1407.0  0.223175E+04  0.222373E+04  0.221676E+04  0.219452E+04  0.218936E+04
1408.0  0.227400E+04  0.225746E+04  0.223378E+04  0.222121E+04  0.221221E+04
1409.0  0.227400E+04  0.225108E+04  0.225080E+04  0.223681E+04  0.222781E+04
1410.0  0.224737E+04  0.224049E+04  0.225380E+04  0.224961E+04  0.224692E+04
1411.0  0.227700E+04  0.227700E+04  0.229559E+04  0.229477E+04  0.228042E+04
1412.0  0.233791E+04  0.233791E+04  0.235507E+04  0.234902E+04  0.231819E+04
1413.0  0.234926E+04  0.234926E+04  0.236146E+04  0.233128E+04  0.232529E+04
1414.0  0.240096E+04  0.239289E+04  0.239098E+04  0.236412E+04  0.236412E+04
1415.0  0.243681E+04  0.242553E+04  0.242886E+04  0.241406E+04  0.241282E+04
1416.0  0.241908E+04  0.241843E+04  0.246858E+04  0.246585E+04  0.246107E+04
1417.0  0.245065E+04  0.245065E+04  0.248433E+04  0.248366E+04  0.248199E+04
1418.0  0.248204E+04  0.248204E+04  0.251130E+04  0.250491E+04  0.250491E+04
1419.0  0.251179E+04  0.250956E+04  0.254432E+04  0.252757E+04  0.252757E+04
1420.0  0.255152E+04  0.253085E+04  0.253864E+04  0.252402E+04  0.252402E+04
1421.0  0.256098E+04  0.253650E+04  0.252590E+04  0.251896E+04  0.251947E+04
1422.0  0.256458E+04  0.251927E+04  0.250278E+04  0.251779E+04  0.251857E+04
1423.0  0.258303E+04  0.246392E+04  0.246232E+04  0.252701E+04  0.252709E+04
1424.0  0.253682E+04  0.249033E+04  0.249096E+04  0.252356E+04  0.248743E+04
1425.0  0.246397E+04  0.246397E+04  0.247322E+04  0.248250E+04  0.245059E+04
1426.0  0.237596E+04  0.237596E+04  0.240236E+04  0.240804E+04  0.242398E+04
1427.0  0.234899E+04  0.234899E+04  0.239384E+04  0.239526E+04  0.241049E+04
1428.0  0.231396E+04  0.231396E+04  0.235028E+04  0.234697E+04  0.235487E+04
1429.0  0.228298E+04  0.228060E+04  0.229693E+04  0.229140E+04  0.228773E+04
1430.0  0.227517E+04  0.226356E+04  0.226569E+04  0.226584E+04  0.224797E+04
1431.0  0.224383E+04  0.223867E+04  0.221574E+04  0.221613E+04  0.220881E+04
1432.0  0.220644E+04  0.220644E+04  0.218098E+04  0.218098E+04  0.218575E+04
1433.0  0.216724E+04  0.216722E+04  0.216917E+04  0.216955E+04  0.218222E+04
1434.0  0.214451E+04  0.214378E+04  0.214431E+04  0.215606E+04  0.215878E+04
1435.0  0.214177E+04  0.213145E+04  0.213145E+04  0.215056E+04  0.214911E+04
1436.0  0.214035E+04  0.212175E+04  0.212360E+04  0.214305E+04  0.214244E+04
1437.0  0.210058E+04  0.209760E+04  0.210798E+04  0.211109E+04  0.211687E+04
1438.0  0.212578E+04  0.212578E+04  0.213433E+04  0.212168E+04  0.212465E+04
1439.0  0.214001E+04  0.214001E+04  0.213060E+04  0.211488E+04  0.212116E+04
1440.0  0.211515E+04  0.211515E+04  0.206737E+04  0.206728E+04  0.208919E+04
1441.0  0.211288E+04  0.211288E+04  0.211362E+04  0.211997E+04  0.212926E+04
1442.0  0.214493E+04  0.214410E+04  0.213050E+04  0.213575E+04  0.213266E+04
1443.0  0.218361E+04  0.218187E+04  0.212662E+04  0.212662E+04  0.211706E+04
1444.0  0.214240E+04  0.214207E+04  0.212449E+04  0.212449E+04  0.213411E+04
1445.0  0.213245E+04  0.213245E+04  0.213333E+04  0.212729E+04  0.213361E+04
1446.0  0.215818E+04  0.213978E+04  0.214644E+04  0.214374E+04  0.214374E+04
1447.0  0.222996E+04  0.216110E+04  0.216137E+04  0.218141E+04  0.218141E+04
1448.0  0.218739E+04  0.216472E+04  0.217221E+04  0.217892E+04  0.217892E+04
1449.0  0.217148E+04  0.217148E+04  0.217308E+04  0.217308E+04  0.217074E+04
1450.0  0.217693E+04  0.217693E+04  0.216905E+04  0.216280E+04  0.215742E+04
1451.0  0.215560E+04  0.215560E+04  0.218326E+04  0.213366E+04  0.213254E+04
1452.0  0.216520E+04  0.216520E+04  0.220010E+04  0.213334E+04  0.213334E+04
1453.0  0.217218E+04  0.216960E+04  0.219484E+04  0.215340E+04  0.214282E+04
1454.0  0.215156E+04  0.214116E+04  0.214294E+04  0.219392E+04  0.215135E+04
1455.0  0.215920E+04  0.215543E+04  0.212652E+04  0.214640E+04  0.217303E+04
1456.0  0.217725E+04  0.217725E+04  0.213694E+04  0.213694E+04  0.218105E+04
1457.0  0.219857E+04  0.219580E+04  0.216449E+04  0.216957E+04  0.217648E+04
1458.0  0.218577E+04  0.215811E+04  0.215098E+04  0.220157E+04  0.218074E+04
1459.0  0.217849E+04  0.216105E+04  0.217509E+04  0.220699E+04  0.220307E+04
1460.0  0.218628E+04  0.217181E+04  0.219385E+04  0.220492E+04  0.221059E+04
1461.0  0.222398E+04  0.216114E+04  0.216326E+04  0.221132E+04  0.216578E+04
1462.0  0.225024E+04  0.217779E+04  0.217779E+04  0.219230E+04  0.217371E+04
1463.0  0.226335E+04  0.221436E+04  0.221921E+04  0.221950E+04  0.220493E+04
1464.0  0.226429E+04  0.226429E+04  0.228155E+04  0.229299E+04  0.225343E+04
1465.0  0.226785E+04  0.226785E+04  0.232495E+04  0.230508E+04  0.229541E+04
1466.0  0.230027E+04  0.230027E+04  0.235536E+04  0.233065E+04  0.233065E+04
1467.0  0.236020E+04  0.235211E+04  0.238283E+04  0.236749E+04  0.236806E+04
1468.0  0.245697E+04  0.241900E+04  0.241911E+04  0.241729E+04  0.242001E+04
1469.0  0.250572E+04  0.248958E+04  0.249913E+04  0.249667E+04  0.249782E+04
1470.0  0.258007E+04  0.256893E+04  0.258104E+04  0.258850E+04  0.257573E+04
1471.0  0.269150E+04  0.265883E+04  0.265946E+04  0.268924E+04  0.265216E+04
1472.0  0.277335E+04  0.276488E+04  0.277689E+04  0.278462E+04  0.278241E+04
1473.0  0.288296E+04  0.288296E+04  0.290127E+04  0.290127E+04  0.292145E+04
1474.0  0.301764E+04  0.301764E+04  0.303516E+04  0.303167E+04  0.305808E+04
1475.0  0.318350E+04  0.318350E+04  0.318678E+04  0.316905E+04  0.317269E+04
1476.0  0.330391E+04  0.330391E+04  0.333004E+04  0.329748E+04  0.329748E+04
1477.0  0.341538E+04  0.341538E+04  0.346458E+04  0.343195E+04  0.342823E+04
1478.0  0.352589E+04  0.352589E+04  0.358730E+04  0.357361E+04  0.356221E+04
1479.0  0.361916E+04  0.361916E+04  0.362931E+04  0.362559E+04  0.363341E+04
1480.0  0.365355E+04  0.365355E+04  0.364589E+04  0.364589E+04  0.368320E+04
1481.0  0.365553E+04  0.365553E+04  0.365222E+04  0.365333E+04  0.370710E+04
1482.0  0.366693E+04  0.366693E+04  0.367572E+04  0.368181E+04  0.368502E+04
1483.0  0.364279E+04  0.363114E+04  0.361359E+04  0.361651E+04  0.366585E+04
1484.0  0.360602E+04  0.357777E+04  0.353623E+04  0.353623E+04  0.360578E+04
1485.0  0.356221E+04  0.351398E+04  0.346433E+04  0.346449E+04  0.348745E+04
1486.0  0.348172E+04  0.340998E+04  0.339595E+04  0.341249E+04  0.343118E+04
1487.0  0.336195E+04  0.331591E+04  0.332627E+04  0.333934E+04  0.335979E+04
1488.0  0.322814E+04  0.322814E+04  0.325286E+04  0.325286E+04  0.327426E+04
1489.0  0.313980E+04  0.313980E+04  0.316809E+04  0.316809E+04  0.317168E+04
1490.0  0.307478E+04  0.307478E+04  0.308729E+04  0.307591E+04  0.307591E+04
1491.0  0.299933E+04  0.299426E+04  0.299426E+04  0.297398E+04  0.297398E+04
1492.0  0.289886E+04  0.288097E+04  0.288097E+04  0.285998E+04  0.285998E+04
1493.0  0.283724E+04  0.279734E+04  0.279734E+04  0.280389E+04  0.276645E+04
1494.0  0.275500E+04  0.272654E+04  0.270474E+04  0.271520E+04  0.271836E+04
1495.0  0.266361E+04  0.266361E+04  0.262255E+04  0.262255E+04  0.269288E+04
1496.0  0.259662E+04  0.259662E+04  0.261471E+04  0.261471E+04  0.262731E+04
1497.0  0.257754E+04  0.257754E+04  0.259127E+04  0.256341E+04  0.256341E+04
1498.0  0.256536E+04  0.255996E+04  0.255456E+04  0.251806E+04  0.251482E+04
1499.0  0.254255E+04  0.252289E+04  0.250324E+04  0.250238E+04  0.249058E+04
1500.0  0.250026E+04  0.249417E+04  0.249435E+04  0.250826E+04  0.248791E+04
1501.0  0.249344E+04  0.248241E+04  0.248773E+04  0.249956E+04  0.248537E+04
1502.0  0.250866E+04  0.248494E+04  0.248628E+04  0.248507E+04  0.248507E+04
1503.0  0.250082E+04  0.249635E+04  0.250553E+04  0.249719E+04  0.249719E+04
1504.0  0.253240E+04  0.251543E+04  0.251438E+04  0.250000E+04  0.250000E+04
1505.0  0.256495E+04  0.253604E+04  0.252790E+04  0.251642E+04  0.252059E+04
1506.0  0.257850E+04  0.255529E+04  0.255500E+04  0.256135E+04  0.257693E+04
1507.0  0.258724E+04  0.258004E+04  0.258416E+04  0.258635E+04  0.261334E+04
1508.0  0.264021E+04  0.261220E+04  0.261580E+04  0.262661E+04  0.263500E+04
1509.0  0.271445E+04  0.264128E+04  0.264128E+04  0.266567E+04  0.264173E+04
1510.0  0.271731E+04  0.262416E+04  0.262416E+04  0.263215E+04  0.262747E+04
1511.0  0.267049E+04  0.262540E+04  0.264862E+04  0.265046E+04  0.266017E+04
1512.0  0.264596E+04  0.263557E+04  0.266439E+04  0.266439E+04  0.268391E+04
1513.0  0.269090E+04  0.265127E+04  0.264013E+04  0.264013E+04  0.266393E+04
1514.0  0.260187E+04  0.258875E+04  0.262880E+04  0.262880E+04  0.261675E+04
1515.0  0.254995E+04  0.254995E+04  0.261731E+04  0.258858E+04  0.257099E+04
1516.0  0.253043E+04  0.253043E+04  0.259179E+04  0.252661E+04  0.253047E+04
1517.0  0.249333E+04  0.249333E+04  0.249047E+04  0.247738E+04  0.250692E+04
1518.0  0.245568E+04  0.245034E+04  0.244149E+04  0.247141E+04  0.246788E+04
1519.0  0.242084E+04  0.240613E+04  0.240613E+04  0.245122E+04  0.240801E+04
1520.0  0.239158E+04  0.236331E+04  0.236331E+04  0.237700E+04  0.231880E+04
1521.0  0.233935E+04  0.232994E+04  0.233736E+04  0.231560E+04  0.229644E+04
1522.0  0.228660E+04  0.228349E+04  0.226531E+04  0.224209E+04  0.226038E+04
1523.0  0.224005E+04  0.222968E+04  0.217031E+04  0.217031E+04  0.220846E+04
1524.0  0.222648E+04  0.219970E+04  0.217245E+04  0.217245E+04  0.214921E+04
1525.0  0.221239E+04  0.218882E+04  0.216027E+04  0.216027E+04  0.214461E+04
1526.0  0.218099E+04  0.216815E+04  0.215071E+04  0.214166E+04  0.214544E+04
1527.0  0.211674E+04  0.211603E+04  0.215571E+04  0.212025E+04  0.212045E+04
1528.0  0.213452E+04  0.213452E+04  0.215331E+04  0.214119E+04  0.212976E+04
1529.0  0.214075E+04  0.213611E+04  0.214040E+04  0.214272E+04  0.214428E+04
1530.0  0.213108E+04  0.211928E+04  0.211928E+04  0.212931E+04  0.216041E+04
1531.0  0.211037E+04  0.210000E+04  0.210000E+04  0.213859E+04  0.217041E+04
1532.0  0.209601E+04  0.209130E+04  0.212515E+04  0.212883E+04  0.214391E+04
1533.0  0.209894E+04  0.209335E+04  0.214179E+04  0.211605E+04  0.211605E+04
1534.0  0.213108E+04  0.210906E+04  0.211179E+04  0.211034E+04  0.211034E+04
1535.0  0.213166E+04  0.212209E+04  0.210664E+04  0.210664E+04  0.213082E+04
1536.0  0.214528E+04  0.211101E+04  0.209689E+04  0.211465E+04  0.213675E+04
1537.0  0.217001E+04  0.209133E+04  0.208701E+04  0.212839E+04  0.212980E+04
1538.0  0.218430E+04  0.214348E+04  0.210845E+04  0.211696E+04  0.212837E+04
1539.0  0.216365E+04  0.214906E+04  0.211929E+04  0.211929E+04  0.212853E+04
1540.0  0.216053E+04  0.215200E+04  0.213278E+04  0.213156E+04  0.213461E+04
1541.0  0.221483E+04  0.218129E+04  0.215850E+04  0.215371E+04  0.215104E+04
1542.0  0.218099E+04  0.216954E+04  0.216673E+04  0.215298E+04  0.215200E+04
1543.0  0.215486E+04  0.215486E+04  0.217969E+04  0.217099E+04  0.215510E+04
1544.0  0.214680E+04  0.214486E+04  0.219244E+04  0.219896E+04  0.216368E+04
1545.0  0.218040E+04  0.216487E+04  0.217458E+04  0.218466E+04  0.218941E+04
1546.0  0.219219E+04  0.218329E+04  0.217851E+04  0.218366E+04  0.219281E+04
1547.0  0.219968E+04  0.219968E+04  0.219709E+04  0.220300E+04  0.219936E+04
1548.0  0.221326E+04  0.221326E+04  0.222926E+04  0.225233E+04  0.222653E+04
1549.0  0.225322E+04  0.225322E+04  0.224452E+04  0.225230E+04  0.221921E+04
1550.0  0.225870E+04  0.225870E+04  0.224670E+04  0.224670E+04  0.224120E+04
1551.0  0.224118E+04  0.224118E+04  0.224530E+04  0.224212E+04  0.227967E+04
1552.0  0.226263E+04  0.226263E+04  0.228105E+04  0.225642E+04  0.226394E+04
1553.0  0.231463E+04  0.230231E+04  0.230501E+04  0.226697E+04  0.226590E+04
1554.0  0.235977E+04  0.234255E+04  0.233005E+04  0.227777E+04  0.227627E+04
1555.0  0.237336E+04  0.237258E+04  0.236438E+04  0.229136E+04  0.229129E+04
1556.0  0.236991E+04  0.236991E+04  0.233738E+04  0.231380E+04  0.232811E+04
1557.0  0.237553E+04  0.237553E+04  0.234581E+04  0.234383E+04  0.235333E+04
1558.0  0.239773E+04  0.238879E+04  0.238168E+04  0.237858E+04  0.236712E+04
1559.0  0.246640E+04  0.240023E+04  0.239885E+04  0.240791E+04  0.237427E+04
1560.0  0.247866E+04  0.242361E+04  0.242361E+04  0.243724E+04  0.242807E+04
1561.0  0.247423E+04  0.244899E+04  0.246162E+04  0.247018E+04  0.247458E+04
1562.0  0.247208E+04  0.247117E+04  0.251885E+04  0.250952E+04  0.248173E+04
1563.0  0.254361E+04  0.251882E+04  0.253408E+04  0.255094E+04  0.254191E+04
1564.0  0.259580E+04  0.256909E+04  0.256909E+04  0.258638E+04  0.258638E+04
1565.0  0.263828E+04  0.262683E+04  0.262181E+04  0.262181E+04  0.262372E+04
1566.0  0.271770E+04  0.271556E+04  0.268048E+04  0.268048E+04  0.269385E+04
1567.0  0.278061E+04  0.278061E+04  0.274688E+04  0.274688E+04  0.276232E+04
1568.0  0.286576E+04  0.286362E+04  0.284382E+04  0.282677E+04  0.283777E+04
1569.0  0.299673E+04  0.298887E+04  0.298839E+04  0.292553E+04  0.292580E+04
1570.0  0.314934E+04  0.310714E+04  0.307783E+04  0.305850E+04  0.309339E+04
1571.0  0.326281E+04  0.322773E+04  0.319731E+04  0.319731E+04  0.323614E+04
1572.0  0.336824E+04  0.335790E+04  0.334467E+04  0.334221E+04  0.336224E+04
1573.0  0.356868E+04  0.352326E+04  0.351433E+04  0.349827E+04  0.350183E+04
1574.0  0.363725E+04  0.361399E+04  0.365706E+04  0.362515E+04  0.362066E+04
1575.0  0.368804E+04  0.368804E+04  0.375441E+04  0.370798E+04  0.370219E+04
1576.0  0.376822E+04  0.376822E+04  0.379164E+04  0.373375E+04  0.373370E+04
1577.0  0.387182E+04  0.379169E+04  0.379838E+04  0.378860E+04  0.378860E+04
1578.0  0.388892E+04  0.378357E+04  0.378357E+04  0.380207E+04  0.381738E+04
1579.0  0.383240E+04  0.374277E+04  0.374277E+04  0.377701E+04  0.380255E+04
1580.0  0.371782E+04  0.365540E+04  0.365540E+04  0.371112E+04  0.368367E+04
1581.0  0.361355E+04  0.358179E+04  0.358064E+04  0.359648E+04  0.358027E+04
1582.0  0.351098E+04  0.348697E+04  0.348555E+04  0.350477E+04  0.348941E+04
1583.0  0.340723E+04  0.335653E+04  0.335676E+04  0.346381E+04  0.341113E+04
1584.0  0.331554E+04  0.330138E+04  0.332883E+04  0.332270E+04  0.330798E+04
1585.0  0.324534E+04  0.324534E+04  0.326097E+04  0.323290E+04  0.322720E+04
1586.0  0.319557E+04  0.319061E+04  0.317885E+04  0.317606E+04  0.316507E+04
1587.0  0.317050E+04  0.314261E+04  0.313658E+04  0.312089E+04  0.311922E+04
1588.0  0.316188E+04  0.314870E+04  0.313370E+04  0.312629E+04  0.312629E+04
1589.0  0.315047E+04  0.314773E+04  0.313243E+04  0.313396E+04  0.313761E+04
1590.0  0.313207E+04  0.312259E+04  0.312259E+04  0.312702E+04  0.313877E+04
1591.0  0.316862E+04  0.314265E+04  0.314265E+04  0.312774E+04  0.313089E+04
1592.0  0.316973E+04  0.315227E+04  0.316817E+04  0.315071E+04  0.313890E+04
1593.0  0.316218E+04  0.316218E+04  0.318812E+04  0.317817E+04  0.316516E+04
1594.0  0.319228E+04  0.319228E+04  0.318024E+04  0.317889E+04  0.322035E+04
1595.0  0.320244E+04  0.320244E+04  0.322070E+04  0.322070E+04  0.325197E+04
1596.0  0.324069E+04  0.323876E+04  0.326727E+04  0.326952E+04  0.327953E+04
1597.0  0.331465E+04  0.330887E+04  0.331146E+04  0.331755E+04  0.330760E+04
1598.0  0.332683E+04  0.332536E+04  0.337670E+04  0.336558E+04  0.333771E+04
1599.0  0.338573E+04  0.338573E+04  0.342306E+04  0.341173E+04  0.338433E+04
1600.0  0.345172E+04  0.345172E+04  0.346114E+04  0.345708E+04  0.342840E+04
1601.0  0.346964E+04  0.346964E+04  0.350344E+04  0.350297E+04  0.344130E+04
1602.0  0.355982E+04  0.355982E+04  0.352893E+04  0.351772E+04  0.349283E+04
1603.0  0.360076E+04  0.360076E+04  0.356106E+04  0.354917E+04  0.353898E+04
1604.0  0.358185E+04  0.358185E+04  0.360439E+04  0.360165E+04  0.357194E+04
1605.0  0.364281E+04  0.364281E+04  0.365961E+04  0.362245E+04  0.359632E+04
1606.0  0.365659E+04  0.363595E+04  0.364358E+04  0.362998E+04  0.361235E+04
1607.0  0.363931E+04  0.360608E+04  0.360900E+04  0.362850E+04  0.362058E+04
1608.0  0.359915E+04  0.359604E+04  0.360900E+04  0.361989E+04  0.361915E+04
1609.0  0.359886E+04  0.359886E+04  0.362122E+04  0.361450E+04  0.361385E+04
1610.0  0.361110E+04  0.359920E+04  0.361646E+04  0.359721E+04  0.359657E+04
1611.0  0.362338E+04  0.359296E+04  0.359061E+04  0.356756E+04  0.356959E+04
1612.0  0.357172E+04  0.356497E+04  0.354111E+04  0.353600E+04  0.355668E+04
1613.0  0.355187E+04  0.354571E+04  0.353110E+04  0.351828E+04  0.353094E+04
1614.0  0.354124E+04  0.353200E+04  0.353062E+04  0.351138E+04  0.351369E+04
1615.0  0.352330E+04  0.352267E+04  0.351699E+04  0.351569E+04  0.352517E+04
1616.0  0.354597E+04  0.354597E+04  0.352066E+04  0.349403E+04  0.347940E+04
1617.0  0.351429E+04  0.351429E+04  0.353144E+04  0.347840E+04  0.346175E+04
1618.0  0.344754E+04  0.344754E+04  0.353317E+04  0.346665E+04  0.347130E+04
1619.0  0.347266E+04  0.347266E+04  0.344919E+04  0.343579E+04  0.347346E+04
1620.0  0.348490E+04  0.346022E+04  0.342478E+04  0.342478E+04  0.345522E+04
1621.0  0.349585E+04  0.346156E+04  0.344210E+04  0.344210E+04  0.345681E+04
1622.0  0.351236E+04  0.351109E+04  0.349881E+04  0.349881E+04  0.350706E+04
1623.0  0.346537E+04  0.346537E+04  0.350376E+04  0.350376E+04  0.353661E+04
1624.0  0.348523E+04  0.348523E+04  0.351153E+04  0.351153E+04  0.355145E+04
1625.0  0.354513E+04  0.354374E+04  0.352277E+04  0.352781E+04  0.355386E+04
1626.0  0.354584E+04  0.353656E+04  0.353282E+04  0.356659E+04  0.354740E+04
1627.0  0.355893E+04  0.355412E+04  0.355187E+04  0.356938E+04  0.355050E+04
1628.0  0.359872E+04  0.358050E+04  0.357762E+04  0.357033E+04  0.356241E+04
1629.0  0.367485E+04  0.360994E+04  0.360993E+04  0.358397E+04  0.358396E+04
1630.0  0.362483E+04  0.360642E+04  0.361860E+04  0.362414E+04  0.362414E+04
1631.0  0.360892E+04  0.360892E+04  0.363766E+04  0.366349E+04  0.362826E+04
1632.0  0.363852E+04  0.362504E+04  0.366229E+04  0.369461E+04  0.363063E+04
1633.0  0.375345E+04  0.367675E+04  0.368240E+04  0.369749E+04  0.371323E+04
1634.0  0.373919E+04  0.370311E+04  0.371845E+04  0.372337E+04  0.372623E+04
1635.0  0.375293E+04  0.374738E+04  0.375950E+04  0.375950E+04  0.375522E+04
1636.0  0.383918E+04  0.382166E+04  0.380419E+04  0.380365E+04  0.382506E+04
1637.0  0.387079E+04  0.386621E+04  0.388969E+04  0.387478E+04  0.388039E+04
1638.0  0.393070E+04  0.393070E+04  0.393623E+04  0.392551E+04  0.394916E+04
1639.0  0.401581E+04  0.400779E+04  0.398163E+04  0.398163E+04  0.401950E+04
1640.0  0.412935E+04  0.408971E+04  0.408654E+04  0.408654E+04  0.407267E+04
1641.0  0.420263E+04  0.413384E+04  0.413384E+04  0.420200E+04  0.414258E+04
1642.0  0.423665E+04  0.418107E+04  0.421794E+04  0.429073E+04  0.422701E+04
1643.0  0.424535E+04  0.424535E+04  0.434853E+04  0.434853E+04  0.432076E+04
1644.0  0.438839E+04  0.438839E+04  0.441825E+04  0.441825E+04  0.436820E+04
1645.0  0.447900E+04  0.447900E+04  0.448847E+04  0.448847E+04  0.449231E+04
1646.0  0.454884E+04  0.454884E+04  0.455850E+04  0.455850E+04  0.460976E+04
1647.0  0.462577E+04  0.462577E+04  0.462751E+04  0.462751E+04  0.462917E+04
1648.0  0.469488E+04  0.460630E+04  0.460664E+04  0.467894E+04  0.464012E+04
1649.0  0.471171E+04  0.462607E+04  0.461237E+04  0.468226E+04  0.466277E+04
1650.0  0.467936E+04  0.467659E+04  0.464289E+04  0.464789E+04  0.468978E+04
1651.0  0.464196E+04  0.461690E+04  0.460981E+04  0.465508E+04  0.466390E+04
1652.0  0.460985E+04  0.455880E+04  0.455880E+04  0.460214E+04  0.460794E+04
1653.0  0.456262E+04  0.451064E+04  0.451311E+04  0.454165E+04  0.453983E+04
1654.0  0.448279E+04  0.448044E+04  0.449009E+04  0.450857E+04  0.446935E+04
1655.0  0.447626E+04  0.442694E+04  0.443009E+04  0.445631E+04  0.443243E+04
1656.0  0.438928E+04  0.434640E+04  0.439127E+04  0.440915E+04  0.440164E+04
1657.0  0.427116E+04  0.426683E+04  0.436411E+04  0.436498E+04  0.436132E+04
1658.0  0.431864E+04  0.428913E+04  0.430656E+04  0.431246E+04  0.425846E+04
1659.0  0.428064E+04  0.426532E+04  0.424845E+04  0.425151E+04  0.423431E+04
1660.0  0.421285E+04  0.421285E+04  0.419609E+04  0.421497E+04  0.423046E+04
1661.0  0.413601E+04  0.413599E+04  0.415297E+04  0.421987E+04  0.422384E+04
1662.0  0.414177E+04  0.413168E+04  0.413642E+04  0.414432E+04  0.413534E+04
1663.0  0.413211E+04  0.411723E+04  0.409565E+04  0.408726E+04  0.409836E+04
1664.0  0.410101E+04  0.408756E+04  0.403808E+04  0.403808E+04  0.408636E+04
1665.0  0.402904E+04  0.402711E+04  0.397548E+04  0.397548E+04  0.404750E+04
1666.0  0.396007E+04  0.396007E+04  0.394582E+04  0.390088E+04  0.393133E+04
1667.0  0.390350E+04  0.390350E+04  0.391514E+04  0.386406E+04  0.385353E+04
1668.0  0.386121E+04  0.386121E+04  0.387382E+04  0.387584E+04  0.384412E+04
1669.0  0.380938E+04  0.380938E+04  0.381480E+04  0.385424E+04  0.384628E+04
1670.0  0.380827E+04  0.379009E+04  0.377873E+04  0.380586E+04  0.378050E+04
1671.0  0.380359E+04  0.377313E+04  0.375604E+04  0.374890E+04  0.370641E+04
1672.0  0.372224E+04  0.371913E+04  0.373804E+04  0.370499E+04  0.370065E+04
1673.0  0.370215E+04  0.366641E+04  0.367473E+04  0.362533E+04  0.362533E+04
1674.0  0.366197E+04  0.362603E+04  0.361851E+04  0.356867E+04  0.356867E+04
1675.0  0.359998E+04  0.359552E+04  0.357617E+04  0.354034E+04  0.354034E+04
1676.0  0.359062E+04  0.354512E+04  0.354088E+04  0.351586E+04  0.351586E+04
1677.0  0.384880E+04  0.350352E+04  0.350352E+04  0.350537E+04  0.350848E+04
1678.0  0.446952E+04  0.346654E+04  0.345533E+04  0.347360E+04  0.347841E+04
1679.0  0.561178E+04  0.343197E+04  0.338691E+04  0.338789E+04  0.338910E+04
1680.0  0.411700E+04  0.339604E+04  0.339387E+04  0.339387E+04  0.335751E+04
1681.0  0.335124E+04  0.335124E+04  0.335426E+04  0.335426E+04  0.332902E+04
1682.0  0.330369E+04  0.330201E+04  0.327921E+04  0.327921E+04  0.329793E+04
1683.0  0.327775E+04  0.326599E+04  0.323239E+04  0.323239E+04  0.325543E+04
1684.0  0.319800E+04  0.319185E+04  0.315585E+04  0.315585E+04  0.318433E+04
1685.0  0.311695E+04  0.311695E+04  0.309894E+04  0.310653E+04  0.313656E+04
1686.0  0.305789E+04  0.305789E+04  0.308591E+04  0.311287E+04  0.313780E+04
1687.0  0.300745E+04  0.300745E+04  0.304484E+04  0.305234E+04  0.304773E+04
1688.0  0.300350E+04  0.296985E+04  0.299137E+04  0.299137E+04  0.298467E+04
1689.0  0.300291E+04  0.293067E+04  0.292816E+04  0.293600E+04  0.294426E+04
1690.0  0.291427E+04  0.285860E+04  0.285825E+04  0.290068E+04  0.292336E+04
1691.0  0.286553E+04  0.282281E+04  0.282281E+04  0.285569E+04  0.286799E+04
1692.0  0.280296E+04  0.277868E+04  0.279821E+04  0.281047E+04  0.281317E+04
1693.0  0.272083E+04  0.272083E+04  0.277815E+04  0.276796E+04  0.276796E+04
1694.0  0.273381E+04  0.273381E+04  0.274931E+04  0.273625E+04  0.273625E+04
1695.0  0.273361E+04  0.273361E+04  0.272292E+04  0.271575E+04  0.272600E+04
1696.0  0.270852E+04  0.270852E+04  0.269539E+04  0.269226E+04  0.270887E+04
1697.0  0.263787E+04  0.263787E+04  0.266222E+04  0.264828E+04  0.264975E+04
1698.0  0.261343E+04  0.261343E+04  0.261864E+04  0.260234E+04  0.260234E+04
1699.0  0.259619E+04  0.257276E+04  0.256836E+04  0.256326E+04  0.256549E+04
1700.0  0.257500E+04  0.251786E+04  0.252177E+04  0.253658E+04  0.253644E+04
1701.0  0.251298E+04  0.250127E+04  0.253547E+04  0.254884E+04  0.250111E+04
1702.0  0.248951E+04  0.248951E+04  0.248172E+04  0.248776E+04  0.250699E+04
1703.0  0.247813E+04  0.247299E+04  0.243457E+04  0.243457E+04  0.250358E+04
1704.0  0.246442E+04  0.244487E+04  0.244178E+04  0.244178E+04  0.245742E+04
1705.0  0.243114E+04  0.242512E+04  0.242312E+04  0.241194E+04  0.241615E+04
1706.0  0.241826E+04  0.240481E+04  0.240365E+04  0.240068E+04  0.237756E+04
1707.0  0.240724E+04  0.237977E+04  0.237368E+04  0.238655E+04  0.235055E+04
1708.0  0.234231E+04  0.233793E+04  0.230081E+04  0.230287E+04  0.236354E+04
1709.0  0.231714E+04  0.231480E+04  0.229402E+04  0.229402E+04  0.234671E+04
1710.0  0.229636E+04  0.229359E+04  0.228828E+04  0.228828E+04  0.230973E+04
1711.0  0.227003E+04  0.226956E+04  0.226322E+04  0.226322E+04  0.225719E+04
1712.0  0.227075E+04  0.225801E+04  0.224302E+04  0.224302E+04  0.226225E+04
1713.0  0.223568E+04  0.222668E+04  0.222705E+04  0.221481E+04  0.222962E+04
1714.0  0.218637E+04  0.218637E+04  0.221257E+04  0.218695E+04  0.218695E+04
1715.0  0.215028E+04  0.215028E+04  0.219597E+04  0.217180E+04  0.217180E+04
1716.0  0.213519E+04  0.213455E+04  0.215202E+04  0.215219E+04  0.214774E+04
1717.0  0.212685E+04  0.212621E+04  0.212442E+04  0.213341E+04  0.212319E+04
1718.0  0.212141E+04  0.212141E+04  0.211354E+04  0.211306E+04  0.209833E+04
1719.0  0.210697E+04  0.210697E+04  0.207311E+04  0.206830E+04  0.206513E+04
1720.0  0.208154E+04  0.208154E+04  0.204472E+04  0.204187E+04  0.204082E+04
1721.0  0.205464E+04  0.204408E+04  0.201918E+04  0.201894E+04  0.201743E+04
1722.0  0.203298E+04  0.199138E+04  0.199030E+04  0.198933E+04  0.198927E+04
1723.0  0.198029E+04  0.195384E+04  0.195384E+04  0.198731E+04  0.196387E+04
1724.0  0.194136E+04  0.192977E+04  0.192977E+04  0.196766E+04  0.192995E+04
1725.0  0.191766E+04  0.191586E+04  0.191586E+04  0.193585E+04  0.188777E+04
1726.0  0.191044E+04  0.190431E+04  0.190431E+04  0.191347E+04  0.183794E+04
1727.0  0.189166E+04  0.186211E+04  0.186211E+04  0.187258E+04  0.185922E+04
1728.0  0.186488E+04  0.183270E+04  0.182940E+04  0.183849E+04  0.187239E+04
1729.0  0.183177E+04  0.183134E+04  0.182059E+04  0.181998E+04  0.184833E+04
1730.0  0.182455E+04  0.181040E+04  0.180759E+04  0.178748E+04  0.179487E+04
1731.0  0.181125E+04  0.180113E+04  0.179506E+04  0.178067E+04  0.178114E+04
1732.0  0.178743E+04  0.178743E+04  0.177689E+04  0.177689E+04  0.177998E+04
1733.0  0.174336E+04  0.174336E+04  0.174221E+04  0.174221E+04  0.175325E+04
1734.0  0.173356E+04  0.173356E+04  0.173356E+04  0.171959E+04  0.172398E+04
1735.0  0.170957E+04  0.170957E+04  0.171957E+04  0.171186E+04  0.170471E+04
1736.0  0.167156E+04  0.167156E+04  0.169980E+04  0.171492E+04  0.169516E+04
1737.0  0.167662E+04  0.167662E+04  0.170702E+04  0.169614E+04  0.167854E+04
1738.0  0.166645E+04  0.166645E+04  0.168012E+04  0.166842E+04  0.166035E+04
1739.0  0.166443E+04  0.165848E+04  0.165697E+04  0.164949E+04  0.164874E+04
1740.0  0.168900E+04  0.166571E+04  0.166565E+04  0.165382E+04  0.165091E+04
1741.0  0.162344E+04  0.161608E+04  0.163341E+04  0.162627E+04  0.162535E+04
1742.0  0.158776E+04  0.158776E+04  0.162524E+04  0.161192E+04  0.161192E+04
1743.0  0.158067E+04  0.157733E+04  0.162468E+04  0.161011E+04  0.160455E+04
1744.0  0.158934E+04  0.156866E+04  0.157625E+04  0.161590E+04  0.158142E+04
1745.0  0.160621E+04  0.157987E+04  0.157987E+04  0.156904E+04  0.155243E+04
1746.0  0.159852E+04  0.157915E+04  0.158992E+04  0.155224E+04  0.153993E+04
1747.0  0.155675E+04  0.155675E+04  0.159073E+04  0.158976E+04  0.155162E+04
1748.0  0.155097E+04  0.155097E+04  0.156108E+04  0.156084E+04  0.156608E+04
1749.0  0.153898E+04  0.153898E+04  0.154623E+04  0.153573E+04  0.154428E+04
1750.0  0.153421E+04  0.152900E+04  0.153779E+04  0.152020E+04  0.151700E+04
1751.0  0.155663E+04  0.153262E+04  0.152622E+04  0.152454E+04  0.152424E+04
1752.0  0.152731E+04  0.151812E+04  0.151594E+04  0.151594E+04  0.151918E+04
1753.0  0.151629E+04  0.149742E+04  0.149805E+04  0.150434E+04  0.150897E+04
1754.0  0.152551E+04  0.147927E+04  0.147899E+04  0.149067E+04  0.149429E+04
1755.0  0.151393E+04  0.150459E+04  0.150214E+04  0.147258E+04  0.147331E+04
1756.0  0.148885E+04  0.148885E+04  0.148423E+04  0.146584E+04  0.147988E+04
1757.0  0.146710E+04  0.146710E+04  0.146479E+04  0.146479E+04  0.148077E+04
1758.0  0.145914E+04  0.145914E+04  0.146696E+04  0.146696E+04  0.145545E+04
1759.0  0.145331E+04  0.145331E+04  0.145918E+04  0.147340E+04  0.145287E+04
1760.0  0.146794E+04  0.146490E+04  0.146772E+04  0.146645E+04  0.145287E+04
1761.0  0.148211E+04  0.147384E+04  0.147384E+04  0.144974E+04  0.145132E+04
1762.0  0.144592E+04  0.143187E+04  0.143187E+04  0.143020E+04  0.143901E+04
1763.0  0.142426E+04  0.141834E+04  0.143710E+04  0.142579E+04  0.142974E+04
1764.0  0.142387E+04  0.142387E+04  0.144204E+04  0.142401E+04  0.142401E+04
1765.0  0.144126E+04  0.144126E+04  0.143479E+04  0.142158E+04  0.142158E+04
1766.0  0.140362E+04  0.140362E+04  0.141814E+04  0.141579E+04  0.141579E+04
1767.0  0.140802E+04  0.138750E+04  0.139799E+04  0.140349E+04  0.139348E+04
1768.0  0.141076E+04  0.137896E+04  0.138435E+04  0.138806E+04  0.137255E+04
1769.0  0.136805E+04  0.136593E+04  0.138869E+04  0.137214E+04  0.137110E+04
1770.0  0.137240E+04  0.137240E+04  0.139572E+04  0.138714E+04  0.133671E+04
1771.0  0.139304E+04  0.136014E+04  0.137403E+04  0.139024E+04  0.132991E+04
1772.0  0.141599E+04  0.133720E+04  0.133720E+04  0.138396E+04  0.134849E+04
1773.0  0.139789E+04  0.134445E+04  0.134445E+04  0.138976E+04  0.136949E+04
1774.0  0.137296E+04  0.135226E+04  0.134316E+04  0.136256E+04  0.135808E+04
1775.0  0.135759E+04  0.135759E+04  0.133631E+04  0.133631E+04  0.135157E+04
1776.0  0.135926E+04  0.135845E+04  0.132503E+04  0.132550E+04  0.136466E+04
1777.0  0.137012E+04  0.133527E+04  0.132648E+04  0.134650E+04  0.135017E+04
1778.0  0.136748E+04  0.133492E+04  0.133026E+04  0.134468E+04  0.134500E+04
1779.0  0.135258E+04  0.133963E+04  0.133875E+04  0.132982E+04  0.133872E+04
1780.0  0.132433E+04  0.132296E+04  0.135686E+04  0.131388E+04  0.131482E+04
1781.0  0.131525E+04  0.131525E+04  0.134111E+04  0.129666E+04  0.129666E+04
1782.0  0.132545E+04  0.132073E+04  0.133282E+04  0.130909E+04  0.129818E+04
1783.0  0.134583E+04  0.133230E+04  0.133160E+04  0.134072E+04  0.131706E+04
1784.0  0.131974E+04  0.130187E+04  0.129537E+04  0.129724E+04  0.132575E+04
1785.0  0.132536E+04  0.130851E+04  0.130480E+04  0.130266E+04  0.130382E+04
1786.0  0.132552E+04  0.131445E+04  0.131602E+04  0.131098E+04  0.128274E+04
1787.0  0.129653E+04  0.129633E+04  0.130225E+04  0.129431E+04  0.128201E+04
1788.0  0.133015E+04  0.127893E+04  0.128066E+04  0.130823E+04  0.128129E+04
1789.0  0.133920E+04  0.126895E+04  0.126895E+04  0.130964E+04  0.129627E+04
1790.0  0.132608E+04  0.126371E+04  0.126371E+04  0.130030E+04  0.131069E+04
1791.0  0.129491E+04  0.125791E+04  0.125791E+04  0.128362E+04  0.128677E+04
1792.0  0.127962E+04  0.126677E+04  0.126861E+04  0.127795E+04  0.130193E+04
1793.0  0.127266E+04  0.127266E+04  0.128104E+04  0.128272E+04  0.130829E+04
1794.0  0.127236E+04  0.127236E+04  0.129039E+04  0.129509E+04  0.129645E+04
1795.0  0.127671E+04  0.127671E+04  0.128314E+04  0.128421E+04  0.128993E+04
1796.0  0.129639E+04  0.126625E+04  0.126772E+04  0.127845E+04  0.128340E+04
1797.0  0.130550E+04  0.125925E+04  0.125925E+04  0.128355E+04  0.128584E+04
1798.0  0.127940E+04  0.127230E+04  0.127230E+04  0.130676E+04  0.130687E+04
1799.0  0.129035E+04  0.127163E+04  0.125790E+04  0.126888E+04  0.127300E+04
1800.0  0.127789E+04  0.125947E+04  0.124771E+04  0.125964E+04  0.126894E+04
