# nu(cm-1)        I       SG
       685  1.29304  1.29437
       686  1.28980  1.29331
       687  1.28719  1.29228
       688  1.29077  1.29124
       689  1.28854  1.29023
       690  1.28390  1.28934
       691  1.28390  1.28838
       692  1.28791  1.28713
       693  1.28945  1.28585
       694  1.28665  1.28467
       695  1.28514  1.28352
       696  1.28461  1.28234
       697  1.28566  1.28119
       698  1.28949  1.28026
       699  1.28595  1.27932
       700  1.27968  1.27810
       701  1.28384  1.27700
       702  1.28224  1.27596
       703  1.27655  1.27472
       704  1.27906  1.27346
       705  1.27565  1.27219
       706  1.27005  1.27094
       707  1.27193  1.26989
       708  1.26852  1.26882
       709  1.26338  1.26756
       710  1.26369  1.26628
       711  1.26171  1.26492
       712  1.26150  1.26353
       713  1.26729  1.26214
       714  1.27153  1.26063
       715  1.26349  1.25913
       716  1.25003  1.25770
       717  1.25543  1.25619
       718  1.25661  1.25460
       719  1.24580  1.25305
       720  1.24647  1.25146
       721  1.24898  1.24986
       722  1.24692  1.24823
       723  1.24577  1.24665
       724  1.24574  1.24513
       725  1.24245  1.24345
       726  1.23434  1.24174
       727  1.23504  1.24015
       728  1.24026  1.23862
       729  1.23815  1.23702
       730  1.23469  1.23548
       731  1.23461  1.23409
       732  1.23519  1.23257
       733  1.22683  1.23108
       734  1.22589  1.22981
       735  1.23687  1.22854
       736  1.22909  1.22716
       737  1.22255  1.22588
       738  1.22966  1.22459
       739  1.22650  1.22325
       740  1.22283  1.22204
       741  1.22318  1.22084
       742  1.21686  1.21962
       743  1.21735  1.21848
       744  1.22062  1.21719
       745  1.20960  1.21580
       746  1.20515  1.21445
       747  1.20959  1.21305
       748  1.20954  1.21165
       749  1.21054  1.21045
       750  1.21109  1.20949
       751  1.20795  1.20845
       752  1.20946  1.20715
       753  1.20967  1.20602
       754  1.20355  1.20501
       755  1.20326  1.20383
       756  1.20558  1.20277
       757  1.20329  1.20190
       758  1.19725  1.20084
       759  1.19723  1.19962
       760  1.20247  1.19849
       761  1.19866  1.19735
       762  1.19270  1.19603
       763  1.19302  1.19465
       764  1.19833  1.19338
       765  1.19346  1.19208
       766  1.18490  1.19072
       767  1.19001  1.18934
       768  1.19110  1.18803
       769  1.18554  1.18661
       770  1.18301  1.18516
       771  1.18250  1.18410
       772  1.18290  1.18291
       773  1.18318  1.18133
       774  1.18096  1.18015
       775  1.17817  1.17909
       776  1.17577  1.17752
       777  1.17070  1.17596
       778  1.16914  1.17443
       779  1.17262  1.17280
       780  1.17292  1.17114
       781  1.17166  1.16927
       782  1.17193  1.16732
       783  1.17330  1.16527
       784  1.17064  1.16317
       785  1.16529  1.16124
       786  1.16315  1.15933
       787  1.16185  1.15726
       788  1.15901  1.15517
       789  1.15462  1.15315
       790  1.15100  1.15093
       791  1.14435  1.14865
       792  1.13554  1.14650
       793  1.14006  1.14426
       794  1.14572  1.14182
       795  1.14042  1.13946
       796  1.13576  1.13737
       797  1.13471  1.13524
       798  1.13513  1.13287
       799  1.13440  1.13041
       800  1.13225  1.12811
       801  1.13018  1.12584
       802  1.12935  1.12338
       803  1.12566  1.12103
       804  1.12073  1.11868
       805  1.11805  1.11615
       806  1.10843  1.11363
       807  1.10390  1.11130
       808  1.11290  1.10914
       809  1.09795  1.10704
       810  1.08538  1.10488
       811  1.10195  1.10258
       812  1.09931  1.10007
       813  1.08815  1.09734
       814  1.08970  1.09462
       815  1.09131  1.09205
       816  1.08692  1.08944
       817  1.08218  1.08671
       818  1.08734  1.08412
       819  1.08667  1.08168
       820  1.07705  1.07926
       821  1.07282  1.07683
       822  1.07439  1.07439
       823  1.07461  1.07199
       824  1.06909  1.06971
       825  1.06937  1.06732
       826  1.07030  1.06485
       827  1.06396  1.06246
       828  1.06395  1.05975
       829  1.06575  1.05696
       830  1.06001  1.05434
       831  1.05006  1.05169
       832  1.04528  1.04899
       833  1.04841  1.04630
       834  1.05057  1.04359
       835  1.04668  1.04081
       836  1.03963  1.03798
       837  1.03683  1.03519
       838  1.03467  1.03262
       839  1.03348  1.03010
       840  1.03563  1.02738
       841  1.03091  1.02464
       842  1.01918  1.02177
       843  1.00822  1.01873
       844  1.00187  1.01593
       845  0.99903  1.01292
       846  0.99877  1.00964
       847  1.00390  1.00661
       848  1.00688  1.00345
       849  1.00247  1.00011
       850  0.99695  0.99690
       851  0.99806  0.99376
       852  1.00192  0.99052
       853  0.99571  0.98735
       854  0.98945  0.98439
       855  0.98643  0.98141
       856  0.98073  0.97824
       857  0.97825  0.97510
       858  0.97455  0.97204
       859  0.96435  0.96896
       860  0.96352  0.96590
       861  0.96146  0.96299
       862  0.94876  0.96010
       863  0.95065  0.95722
       864  0.95649  0.95451
       865  0.95222  0.95200
       866  0.94736  0.94946
       867  0.94303  0.94664
       868  0.93949  0.94368
       869  0.93975  0.94099
       870  0.94150  0.93845
       871  0.94166  0.93584
       872  0.93766  0.93323
       873  0.92697  0.93064
       874  0.91921  0.92807
       875  0.92279  0.92560
       876  0.92031  0.92322
       877  0.91554  0.92085
       878  0.91713  0.91844
       879  0.91397  0.91594
       880  0.90762  0.91324
       881  0.90483  0.91044
       882  0.90779  0.90794
       883  0.91083  0.90557
       884  0.90897  0.90307
       885  0.90329  0.90055
       886  0.90223  0.89812
       887  0.90255  0.89580
       888  0.89454  0.89356
       889  0.89004  0.89141
       890  0.89137  0.88937
       891  0.89124  0.88734
       892  0.88621  0.88528
       893  0.88388  0.88323
       894  0.88722  0.88110
       895  0.88166  0.87876
       896  0.87633  0.87653
       897  0.87773  0.87439
       898  0.87353  0.87197
       899  0.86626  0.86958
       900  0.86038  0.86738
       901  0.85711  0.86520
       902  0.86152  0.86302
       903  0.86521  0.86079
       904  0.85670  0.85848
       905  0.85399  0.85623
       906  0.85569  0.85408
       907  0.85127  0.85199
       908  0.84954  0.84982
       909  0.84840  0.84750
       910  0.84482  0.84511
       911  0.84554  0.84279
       912  0.84417  0.84047
       913  0.83668  0.83815
       914  0.83064  0.83591
       915  0.83345  0.83364
       916  0.83537  0.83118
       917  0.82122  0.82857
       918  0.81974  0.82617
       919  0.83040  0.82406
       920  0.82994  0.82195
       921  0.82322  0.81964
       922  0.82092  0.81731
       923  0.82438  0.81520
       924  0.81750  0.81319
       925  0.80847  0.81109
       926  0.80655  0.80896
       927  0.80386  0.80704
       928  0.80225  0.80506
       929  0.80365  0.80301
       930  0.80460  0.80127
       931  0.80012  0.79957
       932  0.79409  0.79781
       933  0.79444  0.79613
       934  0.79502  0.79434
       935  0.79268  0.79245
       936  0.78863  0.79062
       937  0.78440  0.78881
       938  0.78251  0.78706
       939  0.78292  0.78544
       940  0.78094  0.78388
       941  0.77828  0.78234
       942  0.77780  0.78080
       943  0.77901  0.77919
       944  0.77670  0.77756
       945  0.77267  0.77593
       946  0.77341  0.77434
       947  0.77167  0.77301
       948  0.76729  0.77171
       949  0.76554  0.77007
       950  0.76503  0.76834
       951  0.76833  0.76680
       952  0.77392  0.76544
       953  0.76895  0.76394
       954  0.76081  0.76246
       955  0.76043  0.76120
       956  0.76738  0.76004
       957  0.77064  0.75893
       958  0.76415  0.75785
       959  0.75398  0.75684
       960  0.75559  0.75581
       961  0.76068  0.75458
       962  0.75301  0.75320
       963  0.75406  0.75192
       964  0.75738  0.75078
       965  0.74905  0.74970
       966  0.74449  0.74857
       967  0.74369  0.74732
       968  0.74342  0.74595
       969  0.74760  0.74467
       970  0.74714  0.74360
       971  0.74024  0.74266
       972  0.73737  0.74165
       973  0.73999  0.74043
       974  0.74002  0.73918
       975  0.73100  0.73803
       976  0.72844  0.73682
       977  0.73185  0.73566
       978  0.73273  0.73464
       979  0.73420  0.73358
       980  0.73600  0.73255
       981  0.73371  0.73152
       982  0.72382  0.73037
       983  0.72376  0.72919
       984  0.73472  0.72798
       985  0.73547  0.72677
       986  0.73242  0.72570
       987  0.72929  0.72472
       988  0.72366  0.72375
       989  0.72272  0.72281
       990  0.72458  0.72176
       991  0.72247  0.72073
       992  0.71643  0.71997
       993  0.71405  0.71920
       994  0.71653  0.71826
       995  0.71302  0.71740
       996  0.71494  0.71663
       997  0.72209  0.71603
       998  0.71645  0.71547
       999  0.70904  0.71487
      1000  0.70876  0.71432
      1001  0.71365  0.71369
      1002  0.71752  0.71297
      1003  0.71896  0.71216
      1004  0.71796  0.71132
      1005  0.71060  0.71069
      1006  0.70333  0.71012
      1007  0.70352  0.70935
      1008  0.70965  0.70846
      1009  0.71087  0.70780
      1010  0.70743  0.70739
      1011  0.71034  0.70690
      1012  0.70644  0.70625
      1013  0.69970  0.70573
      1014  0.70363  0.70536
      1015  0.70123  0.70494
      1016  0.69814  0.70450
      1017  0.70501  0.70405
      1018  0.70653  0.70349
      1019  0.70531  0.70310
      1020  0.70485  0.70294
      1021  0.69830  0.70260
      1022  0.69879  0.70236
      1023  0.70569  0.70213
      1024  0.70234  0.70164
      1025  0.70121  0.70115
      1026  0.70191  0.70085
      1027  0.69733  0.70061
      1028  0.70483  0.70015
      1029  0.70996  0.69959
      1030  0.69901  0.69911
      1031  0.69791  0.69858
      1032  0.69675  0.69813
      1033  0.68889  0.69776
      1034  0.69237  0.69717
      1035  0.69553  0.69659
      1036  0.69285  0.69616
      1037  0.69352  0.69584
      1038  0.69818  0.69562
      1039  0.70103  0.69545
      1040  0.69797  0.69526
      1041  0.69717  0.69488
      1042  0.70207  0.69437
      1043  0.70744  0.69378
      1044  0.70207  0.69316
      1045  0.69199  0.69271
      1046  0.68774  0.69231
      1047  0.69213  0.69194
      1048  0.69020  0.69152
      1049  0.68395  0.69105
      1050  0.68806  0.69075
      1051  0.69253  0.69041
      1052  0.69248  0.68991
      1053  0.68855  0.68947
      1054  0.67966  0.68904
      1055  0.68003  0.68849
      1056  0.69028  0.68803
      1057  0.68487  0.68770
      1058  0.68206  0.68735
      1059  0.68995  0.68707
      1060  0.69049  0.68673
      1061  0.68389  0.68639
      1062  0.67971  0.68605
      1063  0.68429  0.68557
      1064  0.68631  0.68523
      1065  0.68511  0.68499
      1066  0.68455  0.68454
      1067  0.68254  0.68411
      1068  0.68655  0.68362
      1069  0.69362  0.68293
      1070  0.68664  0.68229
      1071  0.67880  0.68171
      1072  0.67769  0.68112
      1073  0.67724  0.68058
      1074  0.67665  0.68009
      1075  0.67757  0.67966
      1076  0.67970  0.67927
      1077  0.67793  0.67892
      1078  0.68124  0.67861
      1079  0.69004  0.67840
      1080  0.68446  0.67819
      1081  0.67902  0.67777
      1082  0.68178  0.67733
      1083  0.68072  0.67703
      1084  0.67610  0.67658
      1085  0.67113  0.67594
      1086  0.66884  0.67548
      1087  0.67200  0.67516
      1088  0.67574  0.67473
      1089  0.67704  0.67414
      1090  0.68231  0.67340
      1091  0.67869  0.67262
      1092  0.66574  0.67207
      1093  0.66510  0.67147
      1094  0.66806  0.67085
      1095  0.66712  0.67040
      1096  0.66524  0.66994
      1097  0.66537  0.66929
      1098  0.66653  0.66857
      1099  0.66690  0.66800
      1100  0.66811  0.66749
      1101  0.66782  0.66702
      1102  0.66574  0.66653
      1103  0.66670  0.66593
      1104  0.66789  0.66536
      1105  0.66780  0.66497
      1106  0.66803  0.66449
      1107  0.66540  0.66389
      1108  0.66301  0.66328
      1109  0.66517  0.66266
      1110  0.66530  0.66203
      1111  0.66141  0.66143
      1112  0.65797  0.66086
      1113  0.66179  0.66028
      1114  0.66348  0.65992
      1115  0.66003  0.65975
      1116  0.66003  0.65942
      1117  0.65630  0.65903
      1118  0.65249  0.65866
      1119  0.65753  0.65835
      1120  0.65899  0.65815
      1121  0.65436  0.65774
      1122  0.65091  0.65720
      1123  0.65586  0.65683
      1124  0.65968  0.65656
      1125  0.65775  0.65628
      1126  0.65886  0.65616
      1127  0.65848  0.65619
      1128  0.65515  0.65587
      1129  0.65300  0.65537
      1130  0.65218  0.65495
      1131  0.65348  0.65457
      1132  0.65614  0.65415
      1133  0.65490  0.65370
      1134  0.65253  0.65329
      1135  0.65133  0.65282
      1136  0.64847  0.65232
      1137  0.64809  0.65196
      1138  0.65137  0.65166
      1139  0.65445  0.65145
      1140  0.65515  0.65127
      1141  0.65385  0.65097
      1142  0.65241  0.65066
      1143  0.65222  0.65052
      1144  0.65237  0.65059
      1145  0.65192  0.65061
      1146  0.65179  0.65036
      1147  0.65340  0.65004
      1148  0.65296  0.64975
      1149  0.64618  0.64958
      1150  0.64658  0.64946
      1151  0.65107  0.64926
      1152  0.64981  0.64918
      1153  0.65265  0.64910
      1154  0.65071  0.64866
      1155  0.64157  0.64830
      1156  0.64623  0.64815
      1157  0.65027  0.64785
      1158  0.64560  0.64733
      1159  0.64431  0.64697
      1160  0.64764  0.64695
      1161  0.64658  0.64694
      1162  0.63726  0.64690
      1163  0.64045  0.64683
      1164  0.64826  0.64668
      1165  0.64731  0.64654
      1166  0.64497  0.64645
      1167  0.64544  0.64630
      1168  0.64709  0.64627
      1169  0.64658  0.64625
      1170  0.65083  0.64607
      1171  0.65504  0.64600
      1172  0.65019  0.64594
      1173  0.64579  0.64576
      1174  0.64365  0.64562
      1175  0.64369  0.64551
      1176  0.65043  0.64540
      1177  0.65319  0.64537
      1178  0.64441  0.64536
      1179  0.63147  0.64537
      1180  0.63534  0.64540
      1181  0.64871  0.64538
      1182  0.64971  0.64541
      1183  0.64606  0.64557
      1184  0.64395  0.64564
      1185  0.64455  0.64550
      1186  0.64582  0.64542
      1187  0.64072  0.64556
      1188  0.63666  0.64566
      1189  0.64930  0.64581
      1190  0.65192  0.64595
      1191  0.64440  0.64584
      1192  0.64740  0.64577
      1193  0.65505  0.64583
      1194  0.65388  0.64578
      1195  0.64281  0.64577
      1196  0.64111  0.64589
      1197  0.64401  0.64595
      1198  0.64552  0.64579
      1199  0.64772  0.64565
      1200  0.64503  0.64561
      1201  0.64255  0.64554
      1202  0.64676  0.64549
      1203  0.64418  0.64551
      1204  0.64324  0.64543
      1205  0.64900  0.64536
      1206  0.64324  0.64536
      1207  0.63949  0.64532
      1208  0.64416  0.64529
      1209  0.64566  0.64520
      1210  0.64807  0.64495
      1211  0.64978  0.64487
      1212  0.64647  0.64500
      1213  0.64483  0.64510
      1214  0.64425  0.64501
      1215  0.64358  0.64459
      1216  0.64629  0.64415
      1217  0.64469  0.64396
      1218  0.64054  0.64384
      1219  0.64476  0.64366
      1220  0.64861  0.64341
      1221  0.64613  0.64320
      1222  0.64045  0.64295
      1223  0.64102  0.64250
      1224  0.64218  0.64198
      1225  0.64016  0.64172
      1226  0.64326  0.64149
      1227  0.64509  0.64112
      1228  0.64370  0.64093
      1229  0.64391  0.64088
      1230  0.64073  0.64070
      1231  0.63698  0.64038
      1232  0.63754  0.64011
      1233  0.63756  0.63982
      1234  0.63798  0.63942
      1235  0.64008  0.63912
      1236  0.64071  0.63881
      1237  0.63630  0.63842
      1238  0.63267  0.63823
      1239  0.63722  0.63795
      1240  0.63641  0.63751
      1241  0.63640  0.63727
      1242  0.64345  0.63696
      1243  0.63900  0.63651
      1244  0.63714  0.63615
      1245  0.64200  0.63592
      1246  0.63370  0.63584
      1247  0.62932  0.63580
      1248  0.63269  0.63564
      1249  0.63264  0.63548
      1250  0.63355  0.63533
      1251  0.63580  0.63510
      1252  0.63631  0.63490
      1253  0.63387  0.63467
      1254  0.63281  0.63433
      1255  0.63309  0.63411
      1256  0.63048  0.63402
      1257  0.63294  0.63393
      1258  0.63700  0.63377
      1259  0.63475  0.63365
      1260  0.63428  0.63353
      1261  0.63618  0.63337
      1262  0.63547  0.63329
      1263  0.62962  0.63322
      1264  0.63079  0.63307
      1265  0.63673  0.63294
      1266  0.63242  0.63278
      1267  0.62788  0.63257
      1268  0.63043  0.63239
      1269  0.63668  0.63222
      1270  0.63519  0.63206
      1271  0.63326  0.63200
      1272  0.63430  0.63198
      1273  0.62885  0.63190
      1274  0.63054  0.63173
      1275  0.63707  0.63160
      1276  0.63399  0.63145
      1277  0.63225  0.63132
      1278  0.63452  0.63136
      1279  0.63540  0.63126
      1280  0.63086  0.63108
      1281  0.62654  0.63102
      1282  0.62675  0.63088
      1283  0.62881  0.63068
      1284  0.62747  0.63053
      1285  0.62606  0.63033
      1286  0.62968  0.63016
      1287  0.63099  0.63008
      1288  0.63143  0.63005
      1289  0.63324  0.63005
      1290  0.63227  0.63005
      1291  0.63083  0.62999
      1292  0.62982  0.62981
      1293  0.62757  0.62973
      1294  0.62644  0.62981
      1295  0.62692  0.62978
      1296  0.62736  0.62976
      1297  0.62643  0.62979
      1298  0.62797  0.62977
      1299  0.63198  0.62962
      1300  0.63232  0.62942
      1301  0.63158  0.62927
      1302  0.63103  0.62907
      1303  0.62987  0.62883
      1304  0.63017  0.62870
      1305  0.63021  0.62875
      1306  0.62838  0.62880
      1307  0.62701  0.62877
      1308  0.62577  0.62871
      1309  0.62556  0.62856
      1310  0.62802  0.62842
      1311  0.62856  0.62842
      1312  0.62724  0.62843
      1313  0.62746  0.62844
      1314  0.62988  0.62846
      1315  0.63289  0.62850
      1316  0.63371  0.62845
      1317  0.63060  0.62833
      1318  0.62816  0.62818
      1319  0.62913  0.62796
      1320  0.63171  0.62771
      1321  0.63141  0.62756
      1322  0.62981  0.62761
      1323  0.62869  0.62756
      1324  0.62477  0.62749
      1325  0.62289  0.62761
      1326  0.62562  0.62773
      1327  0.62858  0.62776
      1328  0.62567  0.62771
      1329  0.62225  0.62755
      1330  0.62467  0.62738
      1331  0.62380  0.62718
      1332  0.62295  0.62693
      1333  0.62509  0.62669
      1334  0.62506  0.62651
      1335  0.62798  0.62647
      1336  0.63252  0.62651
      1337  0.63195  0.62657
      1338  0.62911  0.62655
      1339  0.62639  0.62643
      1340  0.62433  0.62651
      1341  0.62296  0.62667
      1342  0.62473  0.62666
      1343  0.62767  0.62659
      1344  0.62689  0.62652
      1345  0.62774  0.62643
      1346  0.62840  0.62635
      1347  0.62516  0.62635
      1348  0.62421  0.62633
      1349  0.62553  0.62623
      1350  0.62671  0.62626
      1351  0.62684  0.62638
      1352  0.62554  0.62646
      1353  0.62656  0.62644
      1354  0.63234  0.62640
      1355  0.63329  0.62637
      1356  0.62681  0.62638
      1357  0.62068  0.62651
      1358  0.62639  0.62670
      1359  0.62781  0.62680
      1360  0.62094  0.62669
      1361  0.61989  0.62654
      1362  0.62202  0.62656
      1363  0.62481  0.62669
      1364  0.62728  0.62670
      1365  0.62716  0.62657
      1366  0.62862  0.62640
      1367  0.63204  0.62612
      1368  0.63157  0.62590
      1369  0.62999  0.62583
      1370  0.62830  0.62576
      1371  0.62546  0.62576
      1372  0.62368  0.62579
      1373  0.62755  0.62573
      1374  0.63206  0.62568
      1375  0.62316  0.62560
      1376  0.61906  0.62543
      1377  0.62460  0.62519
      1378  0.62638  0.62510
      1379  0.62458  0.62506
      1380  0.62467  0.62489
      1381  0.62703  0.62491
      1382  0.62332  0.62500
      1383  0.62281  0.62493
      1384  0.62622  0.62488
      1385  0.62274  0.62482
      1386  0.62138  0.62473
      1387  0.62452  0.62472
      1388  0.62703  0.62481
      1389  0.62597  0.62481
      1390  0.62660  0.62478
      1391  0.62836  0.62491
      1392  0.62274  0.62493
      1393  0.61826  0.62478
      1394  0.62093  0.62469
      1395  0.62721  0.62452
      1396  0.62661  0.62429
      1397  0.62121  0.62425
      1398  0.61810  0.62422
      1399  0.61979  0.62405
      1400  0.62255  0.62384
      1401  0.62605  0.62377
      1402  0.63088  0.62376
      1403  0.62743  0.62371
      1404  0.62171  0.62356
      1405  0.62131  0.62347
      1406  0.62025  0.62344
      1407  0.62326  0.62339
      1408  0.62825  0.62333
      1409  0.62606  0.62329
      1410  0.62458  0.62336
      1411  0.62727  0.62329
      1412  0.62931  0.62307
      1413  0.62375  0.62303
      1414  0.62434  0.62309
      1415  0.63027  0.62304
      1416  0.62220  0.62300
      1417  0.61984  0.62306
      1418  0.62353  0.62301
      1419  0.62115  0.62293
      1420  0.62277  0.62297
      1421  0.62504  0.62301
      1422  0.62135  0.62303
      1423  0.61451  0.62300
      1424  0.61876  0.62300
      1425  0.62642  0.62310
      1426  0.62125  0.62323
      1427  0.61945  0.62337
      1428  0.62124  0.62337
      1429  0.62298  0.62336
      1430  0.62929  0.62342
      1431  0.62568  0.62362
      1432  0.61446  0.62385
      1433  0.61403  0.62389
      1434  0.62287  0.62376
      1435  0.62722  0.62366
      1436  0.62121  0.62375
      1437  0.61957  0.62393
      1438  0.62554  0.62410
      1439  0.63165  0.62411
      1440  0.62929  0.62405
      1441  0.62591  0.62405
      1442  0.62422  0.62411
      1443  0.62366  0.62434
      1444  0.62660  0.62462
      1445  0.62741  0.62482
      1446  0.62606  0.62510
      1447  0.62873  0.62530
      1448  0.62638  0.62560
      1449  0.62357  0.62605
      1450  0.62778  0.62653
      1451  0.62769  0.62698
      1452  0.62627  0.62715
      1453  0.62797  0.62729
      1454  0.62954  0.62759
      1455  0.62807  0.62789
      1456  0.62479  0.62813
      1457  0.62422  0.62828
      1458  0.62971  0.62838
      1459  0.63203  0.62845
      1460  0.62758  0.62863
      1461  0.62688  0.62891
      1462  0.62987  0.62907
      1463  0.63115  0.62922
      1464  0.62780  0.62939
      1465  0.62664  0.62948
      1466  0.62603  0.62969
      1467  0.62473  0.62995
      1468  0.62832  0.63003
      1469  0.63368  0.63008
      1470  0.63405  0.63034
      1471  0.62771  0.63076
      1472  0.62745  0.63103
      1473  0.63409  0.63119
      1474  0.64012  0.63145
      1475  0.63983  0.63190
      1476  0.63764  0.63229
      1477  0.63455  0.63260
      1478  0.62951  0.63299
      1479  0.63295  0.63332
      1480  0.63527  0.63361
      1481  0.63115  0.63394
      1482  0.63852  0.63425
      1483  0.63780  0.63469
      1484  0.62585  0.63514
      1485  0.62416  0.63537
      1486  0.63137  0.63566
      1487  0.63791  0.63604
      1488  0.63742  0.63638
      1489  0.63361  0.63685
      1490  0.63177  0.63739
      1491  0.63569  0.63785
      1492  0.64375  0.63831
      1493  0.64383  0.63884
      1494  0.63852  0.63951
      1495  0.63728  0.64018
      1496  0.64045  0.64072
      1497  0.64206  0.64122
      1498  0.64087  0.64180
      1499  0.64241  0.64248
      1500  0.64832  0.64303
      1501  0.65163  0.64351
      1502  0.64772  0.64417
      1503  0.64562  0.64478
      1504  0.64583  0.64523
      1505  0.64507  0.64571
      1506  0.64242  0.64645
      1507  0.64355  0.64709
      1508  0.64731  0.64751
      1509  0.64874  0.64802
      1510  0.64776  0.64886
      1511  0.64927  0.64976
      1512  0.65129  0.65052
      1513  0.64700  0.65133
      1514  0.64908  0.65215
      1515  0.65499  0.65305
      1516  0.65556  0.65393
      1517  0.65639  0.65462
      1518  0.65437  0.65546
      1519  0.65284  0.65638
      1520  0.66140  0.65703
      1521  0.66448  0.65768
      1522  0.66269  0.65860
      1523  0.66445  0.65974
      1524  0.66211  0.66088
      1525  0.66205  0.66191
      1526  0.66588  0.66282
      1527  0.66417  0.66369
      1528  0.66059  0.66478
      1529  0.66019  0.66596
      1530  0.66375  0.66704
      1531  0.66673  0.66820
      1532  0.66927  0.66955
      1533  0.67025  0.67093
      1534  0.66781  0.67214
      1535  0.67239  0.67339
      1536  0.67545  0.67478
      1537  0.66750  0.67609
      1538  0.66860  0.67736
      1539  0.68023  0.67879
      1540  0.68739  0.68037
      1541  0.67769  0.68183
      1542  0.67756  0.68311
      1543  0.68915  0.68442
      1544  0.69439  0.68589
      1545  0.68823  0.68739
      1546  0.68819  0.68876
      1547  0.69655  0.69010
      1548  0.69403  0.69166
      1549  0.69042  0.69310
      1550  0.69181  0.69454
      1551  0.69696  0.69627
      1552  0.70492  0.69805
      1553  0.70837  0.69987
      1554  0.70784  0.70172
      1555  0.71169  0.70353
      1556  0.71152  0.70567
      1557  0.70750  0.70805
      1558  0.70597  0.71042
      1559  0.70742  0.71278
      1560  0.71047  0.71510
      1561  0.71589  0.71749
      1562  0.72418  0.72002
      1563  0.72550  0.72255
      1564  0.72471  0.72508
      1565  0.72834  0.72769
      1566  0.72571  0.73032
      1567  0.72133  0.73288
      1568  0.72376  0.73546
      1569  0.73332  0.73819
      1570  0.73538  0.74091
      1571  0.73798  0.74373
      1572  0.75007  0.74665
      1573  0.75327  0.74935
      1574  0.74759  0.75219
      1575  0.74420  0.75535
      1576  0.75182  0.75851
      1577  0.76114  0.76153
      1578  0.76521  0.76459
      1579  0.76517  0.76782
      1580  0.76900  0.77121
      1581  0.77941  0.77468
      1582  0.78758  0.77825
      1583  0.78512  0.78195
      1584  0.79166  0.78564
      1585  0.79918  0.78922
      1586  0.79731  0.79275
      1587  0.80159  0.79654
      1588  0.80634  0.80054
      1589  0.80936  0.80456
      1590  0.81486  0.80855
      1591  0.81415  0.81266
      1592  0.81192  0.81673
      1593  0.81593  0.82068
      1594  0.82380  0.82473
      1595  0.82940  0.82897
      1596  0.83179  0.83335
      1597  0.83472  0.83783
      1598  0.83889  0.84247
      1599  0.84041  0.84722
      1600  0.84019  0.85202
      1601  0.84711  0.85672
      1602  0.85857  0.86124
      1603  0.86620  0.86563
      1604  0.86632  0.86999
      1605  0.86971  0.87442
      1606  0.87492  0.87882
      1607  0.87967  0.88325
      1608  0.88697  0.88788
      1609  0.88686  0.89251
      1610  0.88804  0.89695
      1611  0.90106  0.90118
      1612  0.90491  0.90533
      1613  0.90836  0.90957
      1614  0.91848  0.91390
      1615  0.92310  0.91815
      1616  0.92054  0.92226
      1617  0.92038  0.92644
      1618  0.92826  0.93069
      1619  0.93208  0.93460
      1620  0.93877  0.93845
      1621  0.94737  0.94231
      1622  0.94566  0.94587
      1623  0.94809  0.94942
      1624  0.95651  0.95292
      1625  0.96322  0.95624
      1626  0.96721  0.95948
      1627  0.97450  0.96248
      1628  0.98199  0.96518
      1629  0.98002  0.96775
      1630  0.97566  0.97022
      1631  0.97399  0.97250
      1632  0.97562  0.97450
      1633  0.97816  0.97631
      1634  0.97498  0.97802
      1635  0.97212  0.97950
      1636  0.97982  0.98062
      1637  0.98467  0.98162
      1638  0.98482  0.98262
      1639  0.98567  0.98346
      1640  0.98910  0.98397
      1641  0.98964  0.98430
      1642  0.98720  0.98447
      1643  0.98607  0.98444
      1644  0.98558  0.98426
      1645  0.98419  0.98380
      1646  0.98383  0.98316
      1647  0.98778  0.98258
      1648  0.98649  0.98176
      1649  0.97916  0.98071
      1650  0.97379  0.97961
      1651  0.97511  0.97829
      1652  0.97294  0.97659
      1653  0.96791  0.97474
      1654  0.97234  0.97298
      1655  0.97168  0.97091
      1656  0.96882  0.96865
      1657  0.97044  0.96648
      1658  0.96462  0.96416
      1659  0.95999  0.96172
      1660  0.95939  0.95923
      1661  0.95545  0.95666
      1662  0.95355  0.95407
      1663  0.95129  0.95156
      1664  0.94595  0.94917
      1665  0.94312  0.94662
      1666  0.94280  0.94375
      1667  0.94268  0.94069
      1668  0.93994  0.93763
      1669  0.93256  0.93444
      1670  0.92789  0.93101
      1671  0.92761  0.92730
      1672  0.92228  0.92356
      1673  0.91667  0.91981
      1674  0.91445  0.91596
      1675  0.91342  0.91203
      1676  0.90860  0.90823
      1677  0.90344  0.90439
      1678  0.90076  0.90033
      1679  0.89820  0.89615
      1680  0.89378  0.89203
      1681  0.88637  0.88779
      1682  0.87846  0.88336
      1683  0.87625  0.87894
      1684  0.87371  0.87444
      1685  0.86964  0.86974
      1686  0.86956  0.86495
      1687  0.86972  0.86017
      1688  0.86117  0.85532
      1689  0.84826  0.85031
      1690  0.85107  0.84533
      1691  0.85155  0.84033
      1692  0.84242  0.83534
      1693  0.83352  0.83041
      1694  0.82705  0.82526
      1695  0.82359  0.82003
      1696  0.82067  0.81495
      1697  0.81360  0.80990
      1698  0.80413  0.80458
      1699  0.79475  0.79915
      1700  0.78823  0.79380
      1701  0.78726  0.78854
      1702  0.78182  0.78336
      1703  0.77146  0.77827
      1704  0.76707  0.77324
      1705  0.76373  0.76815
      1706  0.76114  0.76306
      1707  0.75960  0.75808
      1708  0.75413  0.75306
      1709  0.75018  0.74798
      1710  0.74533  0.74304
      1711  0.73377  0.73831
      1712  0.72723  0.73353
      1713  0.72657  0.72869
      1714  0.72331  0.72395
      1715  0.71151  0.71939
      1716  0.70707  0.71499
      1717  0.70856  0.71059
      1718  0.70518  0.70616
      1719  0.70286  0.70186
      1720  0.69885  0.69753
      1721  0.69201  0.69329
      1722  0.68675  0.68934
      1723  0.68251  0.68549
      1724  0.67952  0.68167
      1725  0.67773  0.67783
      1726  0.67453  0.67423
      1727  0.66813  0.67083
      1728  0.66362  0.66755
      1729  0.66580  0.66435
      1730  0.66337  0.66111
      1731  0.65339  0.65795
      1732  0.64653  0.65492
      1733  0.65574  0.65200
      1734  0.65899  0.64924
      1735  0.65123  0.64642
      1736  0.64417  0.64347
      1737  0.64095  0.64058
      1738  0.63811  0.63768
      1739  0.63431  0.63472
      1740  0.63180  0.63192
      1741  0.62884  0.62934
      1742  0.62608  0.62682
      1743  0.62544  0.62439
      1744  0.62616  0.62208
      1745  0.62071  0.61986
      1746  0.61369  0.61775
      1747  0.61532  0.61559
      1748  0.61770  0.61335
      1749  0.61587  0.61122
      1750  0.61007  0.60916
      1751  0.60388  0.60693
      1752  0.60187  0.60471
      1753  0.60022  0.60276
      1754  0.59687  0.60092
      1755  0.60143  0.59907
      1756  0.60016  0.59724
      1757  0.59347  0.59539
      1758  0.59653  0.59355
      1759  0.59523  0.59170
      1760  0.59052  0.58997
      1761  0.58940  0.58836
      1762  0.58887  0.58677
      1763  0.58328  0.58505
      1764  0.57794  0.58335
      1765  0.58020  0.58188
