 224.0  0.283553E+05
 225.0  0.283211E+05
 226.0  0.283543E+05
 227.0  0.283797E+05
 228.0  0.284002E+05
 229.0  0.284274E+05
 230.0  0.285266E+05
 231.0  0.286595E+05
 232.0  0.285181E+05
 233.0  0.284545E+05
 234.0  0.284531E+05
 235.0  0.284737E+05
 236.0  0.285201E+05
 237.0  0.285840E+05
 238.0  0.285615E+05
 239.0  0.286286E+05
 240.0  0.287710E+05
 241.0  0.288367E+05
 242.0  0.289419E+05
 243.0  0.290812E+05
 244.0  0.291423E+05
 245.0  0.292713E+05
 246.0  0.294637E+05
 247.0  0.295521E+05
 248.0  0.297100E+05
 249.0  0.299365E+05
 250.0  0.302188E+05
 251.0  0.304881E+05
 252.0  0.307440E+05
 253.0  0.309907E+05
 254.0  0.311456E+05
 255.0  0.312028E+05
 256.0  0.309405E+05
 257.0  0.306189E+05
 258.0  0.302393E+05
 259.0  0.298694E+05
 260.0  0.296686E+05
 261.0  0.296613E+05
 262.0  0.299136E+05
 263.0  0.301824E+05
 264.0  0.304583E+05
 265.0  0.310585E+05
 266.0  0.315854E+05
 267.0  0.320038E+05
 268.0  0.321098E+05
 269.0  0.319930E+05
 270.0  0.316185E+05
 271.0  0.310519E+05
 272.0  0.303900E+05
 273.0  0.296210E+05
 274.0  0.291668E+05
 275.0  0.288748E+05
 276.0  0.287677E+05
 277.0  0.288532E+05
 278.0  0.288516E+05
 279.0  0.287118E+05
 280.0  0.286021E+05
 281.0  0.285319E+05
 282.0  0.285126E+05
 283.0  0.284725E+05
 284.0  0.284353E+05
 285.0  0.284046E+05
 286.0  0.284002E+05
 287.0  0.284316E+05
 288.0  0.285109E+05
 289.0  0.285204E+05
 290.0  0.285106E+05
 291.0  0.284826E+05
 292.0  0.285675E+05
 293.0  0.286701E+05
 294.0  0.287813E+05
 295.0  0.288299E+05
 296.0  0.288984E+05
 297.0  0.290064E+05
 298.0  0.290596E+05
 299.0  0.291819E+05
 300.0  0.294165E+05
 301.0  0.297955E+05
 302.0  0.302337E+05
 303.0  0.307368E+05
 304.0  0.313292E+05
 305.0  0.320521E+05
 306.0  0.329572E+05
 307.0  0.334520E+05
 308.0  0.335925E+05
 309.0  0.332665E+05
 310.0  0.324692E+05
 311.0  0.315691E+05
 312.0  0.305950E+05
 313.0  0.297895E+05
 314.0  0.292224E+05
 315.0  0.289870E+05
 316.0  0.290337E+05
 317.0  0.290797E+05
 318.0  0.290763E+05
 319.0  0.291828E+05
 320.0  0.292337E+05
 321.0  0.291830E+05
 322.0  0.290957E+05
 323.0  0.290037E+05
 324.0  0.289110E+05
 325.0  0.287737E+05
 326.0  0.286825E+05
 327.0  0.286665E+05
 328.0  0.287526E+05
 329.0  0.288239E+05
 330.0  0.288579E+05
 331.0  0.289975E+05
 332.0  0.291850E+05
 333.0  0.294259E+05
 334.0  0.296091E+05
 335.0  0.297055E+05
 336.0  0.296875E+05
 337.0  0.295709E+05
 338.0  0.294314E+05
 339.0  0.292725E+05
 340.0  0.290649E+05
 341.0  0.288722E+05
 342.0  0.287053E+05
 343.0  0.287617E+05
 344.0  0.288685E+05
 345.0  0.290188E+05
 346.0  0.293211E+05
 347.0  0.295931E+05
 348.0  0.298115E+05
 349.0  0.302043E+05
 350.0  0.305952E+05
 351.0  0.309694E+05
 352.0  0.316859E+05
 353.0  0.325314E+05
 354.0  0.335111E+05
 355.0  0.341937E+05
 356.0  0.344644E+05
 357.0  0.342612E+05
 358.0  0.338514E+05
 359.0  0.331006E+05
 360.0  0.319654E+05
 361.0  0.313531E+05
 362.0  0.308300E+05
 363.0  0.303874E+05
 364.0  0.301792E+05
 365.0  0.298604E+05
 366.0  0.294164E+05
 367.0  0.291470E+05
 368.0  0.290044E+05
 369.0  0.289911E+05
 370.0  0.290809E+05
 371.0  0.291742E+05
 372.0  0.292698E+05
 373.0  0.292256E+05
 374.0  0.292146E+05
 375.0  0.292346E+05
 376.0  0.292092E+05
 377.0  0.291726E+05
 378.0  0.291309E+05
 379.0  0.292755E+05
 380.0  0.293876E+05
 381.0  0.294778E+05
 382.0  0.297308E+05
 383.0  0.297931E+05
 384.0  0.296992E+05
 385.0  0.296644E+05
 386.0  0.295297E+05
 387.0  0.293238E+05
 388.0  0.292414E+05
 389.0  0.291411E+05
 390.0  0.290347E+05
 391.0  0.290180E+05
 392.0  0.289470E+05
 393.0  0.288396E+05
 394.0  0.287572E+05
 395.0  0.287192E+05
 396.0  0.287151E+05
 397.0  0.287453E+05
 398.0  0.287324E+05
 399.0  0.287026E+05
 400.0  0.287502E+05
 401.0  0.287634E+05
 402.0  0.287653E+05
 403.0  0.288276E+05
 404.0  0.289106E+05
 405.0  0.290165E+05
 406.0  0.291874E+05
 407.0  0.293068E+05
 408.0  0.293857E+05
 409.0  0.293957E+05
 410.0  0.293678E+05
 411.0  0.293181E+05
 412.0  0.292524E+05
 413.0  0.292625E+05
 414.0  0.293060E+05
 415.0  0.293462E+05
 416.0  0.293324E+05
 417.0  0.293043E+05
 418.0  0.293056E+05
 419.0  0.293532E+05
 420.0  0.294071E+05
 421.0  0.294245E+05
 422.0  0.294430E+05
 423.0  0.294641E+05
 424.0  0.294923E+05
 425.0  0.295256E+05
 426.0  0.295787E+05
 427.0  0.296807E+05
 428.0  0.296243E+05
 429.0  0.295419E+05
 430.0  0.295036E+05
 431.0  0.295422E+05
 432.0  0.295954E+05
 433.0  0.296383E+05
 434.0  0.296940E+05
 435.0  0.297751E+05
 436.0  0.299020E+05
 437.0  0.299768E+05
 438.0  0.301239E+05
 439.0  0.304214E+05
 440.0  0.308331E+05
 441.0  0.314521E+05
 442.0  0.323875E+05
 443.0  0.341529E+05
 444.0  0.371423E+05
 445.0  0.418332E+05
 446.0  0.522961E+05
 447.0  0.670803E+05
 448.0  0.870474E+05
 449.0  0.114736E+06
 450.0  0.146544E+06
 451.0  0.182826E+06
 452.0  0.232432E+06
 453.0  0.297440E+06
 454.0  0.379419E+06
 455.0  0.513597E+06
 456.0  0.623873E+06
 457.0  0.707750E+06
 458.0  0.678546E+06
 459.0  0.611811E+06
 460.0  0.508257E+06
 461.0  0.357900E+06
 462.0  0.224943E+06
 463.0  0.110690E+06
 464.0  0.668888E+05
 465.0  0.423939E+05
 466.0  0.334574E+05
 467.0  0.318811E+05
 468.0  0.310179E+05
 469.0  0.306583E+05
 470.0  0.303590E+05
 471.0  0.301868E+05
 472.0  0.300822E+05
 473.0  0.298979E+05
 474.0  0.298342E+05
 475.0  0.298321E+05
 476.0  0.298004E+05
 477.0  0.298468E+05
 478.0  0.299096E+05
 479.0  0.298746E+05
 480.0  0.300120E+05
 481.0  0.301874E+05
 482.0  0.302271E+05
 483.0  0.304335E+05
 484.0  0.306881E+05
 485.0  0.308961E+05
 486.0  0.311046E+05
 487.0  0.312570E+05
 488.0  0.312570E+05
 489.0  0.312353E+05
 490.0  0.311426E+05
 491.0  0.308975E+05
 492.0  0.307341E+05
 493.0  0.306055E+05
 494.0  0.305099E+05
 495.0  0.306002E+05
 496.0  0.308313E+05
 497.0  0.312516E+05
 498.0  0.315841E+05
 499.0  0.318161E+05
 500.0  0.319111E+05
 501.0  0.318131E+05
 502.0  0.316642E+05
 503.0  0.314728E+05
 504.0  0.313446E+05
 505.0  0.315135E+05
 506.0  0.320337E+05
 507.0  0.334667E+05
 508.0  0.350977E+05
 509.0  0.369101E+05
 510.0  0.392708E+05
 511.0  0.421708E+05
 512.0  0.456635E+05
 513.0  0.516493E+05
 514.0  0.589470E+05
 515.0  0.668566E+05
 516.0  0.688674E+05
 517.0  0.673540E+05
 518.0  0.629950E+05
 519.0  0.554635E+05
 520.0  0.469945E+05
 521.0  0.385827E+05
 522.0  0.340450E+05
 523.0  0.318100E+05
 524.0  0.310056E+05
 525.0  0.312781E+05
 526.0  0.318202E+05
 527.0  0.325198E+05
 528.0  0.333605E+05
 529.0  0.338342E+05
 530.0  0.339791E+05
 531.0  0.335370E+05
 532.0  0.327755E+05
 533.0  0.318865E+05
 534.0  0.309240E+05
 535.0  0.302833E+05
 536.0  0.298508E+05
 537.0  0.296908E+05
 538.0  0.297823E+05
 539.0  0.299798E+05
 540.0  0.302809E+05
 541.0  0.308349E+05
 542.0  0.315421E+05
 543.0  0.324289E+05
 544.0  0.343628E+05
 545.0  0.370555E+05
 546.0  0.406090E+05
 547.0  0.456368E+05
 548.0  0.515012E+05
 549.0  0.582162E+05
 550.0  0.672555E+05
 551.0  0.794379E+05
 552.0  0.948744E+05
 553.0  0.118690E+06
 554.0  0.136066E+06
 555.0  0.146763E+06
 556.0  0.138801E+06
 557.0  0.123832E+06
 558.0  0.103262E+06
 559.0  0.764163E+05
 560.0  0.547790E+05
 561.0  0.382077E+05
 562.0  0.328709E+05
 563.0  0.305810E+05
 564.0  0.299240E+05
 565.0  0.299849E+05
 566.0  0.299767E+05
 567.0  0.299474E+05
 568.0  0.299366E+05
 569.0  0.298537E+05
 570.0  0.297639E+05
 571.0  0.297138E+05
 572.0  0.296937E+05
 573.0  0.296425E+05
 574.0  0.295119E+05
 575.0  0.294725E+05
 576.0  0.294285E+05
 577.0  0.293487E+05
 578.0  0.291777E+05
 579.0  0.290984E+05
 580.0  0.291648E+05
 581.0  0.290296E+05
 582.0  0.289537E+05
 583.0  0.289638E+05
 584.0  0.290012E+05
 585.0  0.290510E+05
 586.0  0.291114E+05
 587.0  0.291284E+05
 588.0  0.290955E+05
 589.0  0.290280E+05
 590.0  0.290415E+05
 591.0  0.290785E+05
 592.0  0.291219E+05
 593.0  0.290962E+05
 594.0  0.291718E+05
 595.0  0.292888E+05
 596.0  0.293302E+05
 597.0  0.292790E+05
 598.0  0.292085E+05
 599.0  0.292200E+05
 600.0  0.291336E+05
 601.0  0.290428E+05
 602.0  0.290380E+05
 603.0  0.290923E+05
 604.0  0.291494E+05
 605.0  0.291765E+05
 606.0  0.291578E+05
 607.0  0.291215E+05
 608.0  0.290700E+05
 609.0  0.290682E+05
 610.0  0.290876E+05
 611.0  0.291283E+05
 612.0  0.292764E+05
 613.0  0.295505E+05
 614.0  0.299648E+05
 615.0  0.302778E+05
 616.0  0.307188E+05
 617.0  0.312793E+05
 618.0  0.316516E+05
 619.0  0.321043E+05
 620.0  0.326223E+05
 621.0  0.331616E+05
 622.0  0.334940E+05
 623.0  0.335974E+05
 624.0  0.330846E+05
 625.0  0.324110E+05
 626.0  0.316398E+05
 627.0  0.308018E+05
 628.0  0.302675E+05
 629.0  0.299434E+05
 630.0  0.298993E+05
 631.0  0.301293E+05
 632.0  0.304300E+05
 633.0  0.306994E+05
 634.0  0.309288E+05
 635.0  0.311184E+05
 636.0  0.312494E+05
 637.0  0.313822E+05
 638.0  0.315708E+05
 639.0  0.318423E+05
 640.0  0.324931E+05
 641.0  0.333283E+05
 642.0  0.343490E+05
 643.0  0.355084E+05
 644.0  0.366577E+05
 645.0  0.377443E+05
 646.0  0.375399E+05
 647.0  0.366059E+05
 648.0  0.350859E+05
 649.0  0.333237E+05
 650.0  0.316259E+05
 651.0  0.301187E+05
 652.0  0.294732E+05
 653.0  0.292259E+05
 654.0  0.291971E+05
 655.0  0.292800E+05
 656.0  0.293604E+05
 657.0  0.294497E+05
 658.0  0.295666E+05
 659.0  0.297826E+05
 660.0  0.300878E+05
 661.0  0.305269E+05
 662.0  0.310516E+05
 663.0  0.316302E+05
 664.0  0.322728E+05
 665.0  0.328172E+05
 666.0  0.334432E+05
 667.0  0.341871E+05
 668.0  0.343303E+05
 669.0  0.341301E+05
 670.0  0.335969E+05
 671.0  0.328568E+05
 672.0  0.320162E+05
 673.0  0.311241E+05
 674.0  0.305411E+05
 675.0  0.301712E+05
 676.0  0.299381E+05
 677.0  0.297265E+05
 678.0  0.296939E+05
 679.0  0.297474E+05
 680.0  0.298025E+05
 681.0  0.299509E+05
 682.0  0.301584E+05
 683.0  0.304361E+05
 684.0  0.304844E+05
 685.0  0.304522E+05
 686.0  0.303739E+05
 687.0  0.303331E+05
 688.0  0.303080E+05
 689.0  0.302978E+05
 690.0  0.305314E+05
 691.0  0.308779E+05
 692.0  0.313355E+05
 693.0  0.320637E+05
 694.0  0.328832E+05
 695.0  0.337678E+05
 696.0  0.343346E+05
 697.0  0.347081E+05
 698.0  0.348616E+05
 699.0  0.343799E+05
 700.0  0.335427E+05
 701.0  0.325418E+05
 702.0  0.316895E+05
 703.0  0.309971E+05
 704.0  0.304996E+05
 705.0  0.304069E+05
 706.0  0.307498E+05
 707.0  0.314040E+05
 708.0  0.324741E+05
 709.0  0.341479E+05
 710.0  0.361201E+05
 711.0  0.384004E+05
 712.0  0.417460E+05
 713.0  0.458678E+05
 714.0  0.508389E+05
 715.0  0.596994E+05
 716.0  0.679158E+05
 717.0  0.750433E+05
 718.0  0.736186E+05
 719.0  0.691924E+05
 720.0  0.621587E+05
 721.0  0.520045E+05
 722.0  0.426081E+05
 723.0  0.346928E+05
 724.0  0.317525E+05
 725.0  0.305612E+05
 726.0  0.301658E+05
 727.0  0.300170E+05
 728.0  0.300541E+05
 729.0  0.301476E+05
 730.0  0.302486E+05
 731.0  0.304138E+05
 732.0  0.306249E+05
 733.0  0.308918E+05
 734.0  0.312914E+05
 735.0  0.316157E+05
 736.0  0.318342E+05
 737.0  0.318747E+05
 738.0  0.318944E+05
 739.0  0.318806E+05
 740.0  0.315959E+05
 741.0  0.313828E+05
 742.0  0.312381E+05
 743.0  0.312230E+05
 744.0  0.312393E+05
 745.0  0.312856E+05
 746.0  0.313888E+05
 747.0  0.315824E+05
 748.0  0.317795E+05
 749.0  0.318991E+05
 750.0  0.320523E+05
 751.0  0.322437E+05
 752.0  0.324925E+05
 753.0  0.328267E+05
 754.0  0.331448E+05
 755.0  0.334243E+05
 756.0  0.337084E+05
 757.0  0.341109E+05
 758.0  0.346308E+05
 759.0  0.349801E+05
 760.0  0.352487E+05
 761.0  0.354761E+05
 762.0  0.358869E+05
 763.0  0.366866E+05
 764.0  0.380870E+05
 765.0  0.412618E+05
 766.0  0.480154E+05
 767.0  0.590306E+05
 768.0  0.784433E+05
 769.0  0.116116E+06
 770.0  0.167076E+06
 771.0  0.235325E+06
 772.0  0.319283E+06
 773.0  0.418394E+06
 774.0  0.536272E+06
 775.0  0.713759E+06
 776.0  0.965454E+06
 777.0  0.129314E+07
 778.0  0.160674E+07
 779.0  0.172996E+07
 780.0  0.168163E+07
 781.0  0.144107E+07
 782.0  0.111451E+07
 783.0  0.741165E+06
 784.0  0.380143E+06
 785.0  0.178248E+06
 786.0  0.691449E+05
 787.0  0.453533E+05
 788.0  0.379229E+05
 789.0  0.355944E+05
 790.0  0.348768E+05
 791.0  0.344841E+05
 792.0  0.344182E+05
 793.0  0.347524E+05
 794.0  0.356118E+05
 795.0  0.369707E+05
 796.0  0.388482E+05
 797.0  0.416095E+05
 798.0  0.449897E+05
 799.0  0.490476E+05
 800.0  0.548053E+05
 801.0  0.630101E+05
 802.0  0.733062E+05
 803.0  0.868923E+05
 804.0  0.986058E+05
 805.0  0.107420E+06
 806.0  0.110332E+06
 807.0  0.102973E+06
 808.0  0.909038E+05
 809.0  0.745461E+05
 810.0  0.595616E+05
 811.0  0.470389E+05
 812.0  0.374814E+05
 813.0  0.349037E+05
 814.0  0.339835E+05
 815.0  0.345917E+05
 816.0  0.373374E+05
 817.0  0.417064E+05
 818.0  0.475699E+05
 819.0  0.559489E+05
 820.0  0.659463E+05
 821.0  0.776725E+05
 822.0  0.927354E+05
 823.0  0.115337E+06
 824.0  0.145870E+06
 825.0  0.188872E+06
 826.0  0.217940E+06
 827.0  0.229578E+06
 828.0  0.218446E+06
 829.0  0.186711E+06
 830.0  0.146763E+06
 831.0  0.997508E+05
 832.0  0.643035E+05
 833.0  0.431833E+05
 834.0  0.338698E+05
 835.0  0.323362E+05
 836.0  0.317036E+05
 837.0  0.315661E+05
 838.0  0.315215E+05
 839.0  0.313957E+05
 840.0  0.312647E+05
 841.0  0.311906E+05
 842.0  0.312191E+05
 843.0  0.312508E+05
 844.0  0.312528E+05
 845.0  0.311502E+05
 846.0  0.311145E+05
 847.0  0.311667E+05
 848.0  0.311172E+05
 849.0  0.310375E+05
 850.0  0.309432E+05
 851.0  0.309453E+05
 852.0  0.308444E+05
 853.0  0.307221E+05
 854.0  0.307606E+05
 855.0  0.308878E+05
 856.0  0.310555E+05
 857.0  0.312431E+05
 858.0  0.314037E+05
 859.0  0.315271E+05
 860.0  0.315958E+05
 861.0  0.315144E+05
 862.0  0.314920E+05
 863.0  0.315579E+05
 864.0  0.314906E+05
 865.0  0.314758E+05
 866.0  0.315124E+05
 867.0  0.316252E+05
 868.0  0.317696E+05
 869.0  0.319635E+05
 870.0  0.322978E+05
 871.0  0.324533E+05
 872.0  0.324549E+05
 873.0  0.322265E+05
 874.0  0.319296E+05
 875.0  0.315313E+05
 876.0  0.309850E+05
 877.0  0.306901E+05
 878.0  0.305516E+05
 879.0  0.305685E+05
 880.0  0.306236E+05
 881.0  0.307165E+05
 882.0  0.308519E+05
 883.0  0.310928E+05
 884.0  0.313790E+05
 885.0  0.316062E+05
 886.0  0.314961E+05
 887.0  0.312776E+05
 888.0  0.309817E+05
 889.0  0.305878E+05
 890.0  0.301945E+05
 891.0  0.299251E+05
 892.0  0.298507E+05
 893.0  0.298989E+05
 894.0  0.299884E+05
 895.0  0.301145E+05
 896.0  0.302839E+05
 897.0  0.305182E+05
 898.0  0.308094E+05
 899.0  0.311690E+05
 900.0  0.315352E+05
 901.0  0.318336E+05
 902.0  0.318894E+05
 903.0  0.319196E+05
 904.0  0.319441E+05
 905.0  0.319724E+05
 906.0  0.326670E+05
 907.0  0.340399E+05
 908.0  0.362098E+05
 909.0  0.409276E+05
 910.0  0.470791E+05
 911.0  0.546072E+05
 912.0  0.638023E+05
 913.0  0.753558E+05
 914.0  0.898772E+05
 915.0  0.111868E+06
 916.0  0.144804E+06
 917.0  0.177649E+06
 918.0  0.198577E+06
 919.0  0.192961E+06
 920.0  0.175109E+06
 921.0  0.146379E+06
 922.0  0.106487E+06
 923.0  0.715642E+05
 924.0  0.437727E+05
 925.0  0.358665E+05
 926.0  0.318388E+05
 927.0  0.308513E+05
 928.0  0.307381E+05
 929.0  0.307209E+05
 930.0  0.307445E+05
 931.0  0.307465E+05
 932.0  0.307700E+05
 933.0  0.308277E+05
 934.0  0.309437E+05
 935.0  0.311450E+05
 936.0  0.314636E+05
 937.0  0.319227E+05
 938.0  0.321613E+05
 939.0  0.322717E+05
 940.0  0.322648E+05
 941.0  0.321668E+05
 942.0  0.319726E+05
 943.0  0.317690E+05
 944.0  0.317634E+05
 945.0  0.320194E+05
 946.0  0.325104E+05
 947.0  0.333483E+05
 948.0  0.349543E+05
 949.0  0.377270E+05
 950.0  0.420590E+05
 951.0  0.519472E+05
 952.0  0.669289E+05
 953.0  0.871202E+05
 954.0  0.115084E+06
 955.0  0.147939E+06
 956.0  0.186579E+06
 957.0  0.238925E+06
 958.0  0.319649E+06
 959.0  0.423839E+06
 960.0  0.561183E+06
 961.0  0.621059E+06
 962.0  0.626861E+06
 963.0  0.570574E+06
 964.0  0.460249E+06
 965.0  0.330042E+06
 966.0  0.185257E+06
 967.0  0.101976E+06
 968.0  0.557201E+05
 969.0  0.376614E+05
 970.0  0.342521E+05
 971.0  0.328524E+05
 972.0  0.323668E+05
 973.0  0.320182E+05
 974.0  0.319080E+05
 975.0  0.317768E+05
 976.0  0.315083E+05
 977.0  0.313515E+05
 978.0  0.312547E+05
 979.0  0.312093E+05
 980.0  0.309940E+05
 981.0  0.309600E+05
 982.0  0.310254E+05
 983.0  0.308966E+05
 984.0  0.308560E+05
 985.0  0.308612E+05
 986.0  0.308861E+05
 987.0  0.308548E+05
 988.0  0.308046E+05
 989.0  0.307451E+05
 990.0  0.308097E+05
 991.0  0.308670E+05
 992.0  0.309041E+05
 993.0  0.309824E+05
 994.0  0.310328E+05
 995.0  0.310681E+05
 996.0  0.311332E+05
 997.0  0.311250E+05
 998.0  0.311163E+05
 999.0  0.312008E+05
1000.0  0.311638E+05
1001.0  0.310429E+05
1002.0  0.308268E+05
1003.0  0.307173E+05
1004.0  0.306401E+05
1005.0  0.305945E+05
1006.0  0.307186E+05
1007.0  0.307287E+05
1008.0  0.306740E+05
1009.0  0.306941E+05
1010.0  0.308037E+05
1011.0  0.308844E+05
1012.0  0.307846E+05
1013.0  0.307956E+05
1014.0  0.308257E+05
1015.0  0.308486E+05
1016.0  0.308363E+05
1017.0  0.308028E+05
1018.0  0.307594E+05
1019.0  0.308738E+05
1020.0  0.308609E+05
1021.0  0.307684E+05
1022.0  0.306782E+05
1023.0  0.306185E+05
1024.0  0.305814E+05
1025.0  0.305724E+05
1026.0  0.305922E+05
1027.0  0.306081E+05
1028.0  0.306109E+05
1029.0  0.305949E+05
1030.0  0.305990E+05
1031.0  0.306145E+05
1032.0  0.305500E+05
1033.0  0.305382E+05
1034.0  0.305853E+05
1035.0  0.307492E+05
1036.0  0.307318E+05
1037.0  0.307302E+05
1038.0  0.308795E+05
1039.0  0.309191E+05
1040.0  0.310870E+05
1041.0  0.314360E+05
1042.0  0.322285E+05
1043.0  0.329912E+05
1044.0  0.337785E+05
1045.0  0.349045E+05
1046.0  0.365708E+05
1047.0  0.388052E+05
1048.0  0.420246E+05
1049.0  0.444763E+05
1050.0  0.456313E+05
1051.0  0.448572E+05
1052.0  0.424651E+05
1053.0  0.394404E+05
1054.0  0.359134E+05
1055.0  0.329352E+05
1056.0  0.311607E+05
1057.0  0.303311E+05
1058.0  0.303436E+05
1059.0  0.302274E+05
1060.0  0.301447E+05
1061.0  0.302559E+05
1062.0  0.302036E+05
1063.0  0.301489E+05
1064.0  0.301294E+05
1065.0  0.301651E+05
1066.0  0.302829E+05
1067.0  0.304545E+05
1068.0  0.304983E+05
1069.0  0.307144E+05
1070.0  0.311128E+05
1071.0  0.318356E+05
1072.0  0.327905E+05
1073.0  0.340001E+05
1074.0  0.355635E+05
1075.0  0.372793E+05
1076.0  0.398283E+05
1077.0  0.433486E+05
1078.0  0.486885E+05
1079.0  0.525441E+05
1080.0  0.546691E+05
1081.0  0.530264E+05
1082.0  0.493545E+05
1083.0  0.445645E+05
1084.0  0.388831E+05
1085.0  0.347616E+05
1086.0  0.320697E+05
1087.0  0.309835E+05
1088.0  0.312240E+05
1089.0  0.315090E+05
1090.0  0.318626E+05
1091.0  0.325897E+05
1092.0  0.335170E+05
1093.0  0.346552E+05
1094.0  0.361556E+05
1095.0  0.377678E+05
1096.0  0.389225E+05
1097.0  0.392555E+05
1098.0  0.383286E+05
1099.0  0.368851E+05
1100.0  0.350136E+05
1101.0  0.331628E+05
1102.0  0.319112E+05
1103.0  0.311121E+05
1104.0  0.307281E+05
1105.0  0.307261E+05
1106.0  0.308469E+05
1107.0  0.309723E+05
1108.0  0.313382E+05
1109.0  0.319448E+05
1110.0  0.328256E+05
1111.0  0.347012E+05
1112.0  0.376047E+05
1113.0  0.414606E+05
1114.0  0.465931E+05
1115.0  0.528364E+05
1116.0  0.605047E+05
1117.0  0.706514E+05
1118.0  0.880871E+05
1119.0  0.108475E+06
1120.0  0.131208E+06
1121.0  0.133979E+06
1122.0  0.128113E+06
1123.0  0.114293E+06
1124.0  0.916848E+05
1125.0  0.678191E+05
1126.0  0.468070E+05
1127.0  0.359762E+05
1128.0  0.322814E+05
1129.0  0.308942E+05
1130.0  0.306694E+05
1131.0  0.305225E+05
1132.0  0.304569E+05
1133.0  0.304753E+05
1134.0  0.306254E+05
1135.0  0.306678E+05
1136.0  0.306684E+05
1137.0  0.307194E+05
1138.0  0.307084E+05
1139.0  0.306269E+05
1140.0  0.304489E+05
1141.0  0.303401E+05
1142.0  0.303261E+05
1143.0  0.303937E+05
1144.0  0.303266E+05
1145.0  0.302848E+05
1146.0  0.302903E+05
1147.0  0.304258E+05
1148.0  0.305286E+05
1149.0  0.306539E+05
1150.0  0.308426E+05
1151.0  0.310382E+05
1152.0  0.311097E+05
1153.0  0.310427E+05
1154.0  0.309483E+05
1155.0  0.307495E+05
1156.0  0.304874E+05
1157.0  0.302351E+05
1158.0  0.302162E+05
1159.0  0.302801E+05
1160.0  0.303577E+05
1161.0  0.302592E+05
1162.0  0.302711E+05
1163.0  0.304281E+05
1164.0  0.303708E+05
1165.0  0.303889E+05
1166.0  0.304380E+05
1167.0  0.303974E+05
1168.0  0.303012E+05
1169.0  0.302383E+05
1170.0  0.302900E+05
1171.0  0.303232E+05
1172.0  0.303741E+05
1173.0  0.304439E+05
1174.0  0.303264E+05
1175.0  0.303275E+05
1176.0  0.303812E+05
1177.0  0.302994E+05
1178.0  0.303080E+05
1179.0  0.303034E+05
1180.0  0.301984E+05
1181.0  0.302909E+05
1182.0  0.302948E+05
1183.0  0.301670E+05
1184.0  0.303280E+05
1185.0  0.303972E+05
1186.0  0.304031E+05
1187.0  0.304038E+05
1188.0  0.305838E+05
1189.0  0.307932E+05
1190.0  0.309284E+05
1191.0  0.310406E+05
1192.0  0.312484E+05
1193.0  0.315740E+05
1194.0  0.319208E+05
1195.0  0.324062E+05
1196.0  0.330928E+05
1197.0  0.342986E+05
1198.0  0.360942E+05
1199.0  0.384789E+05
1200.0  0.416919E+05
1201.0  0.464870E+05
1202.0  0.519026E+05
1203.0  0.578962E+05
1204.0  0.659842E+05
1205.0  0.741395E+05
1206.0  0.817932E+05
1207.0  0.870587E+05
1208.0  0.897704E+05
1209.0  0.888816E+05
1210.0  0.823987E+05
1211.0  0.736753E+05
1212.0  0.649004E+05
1213.0  0.564033E+05
1214.0  0.493564E+05
1215.0  0.451144E+05
1216.0  0.429167E+05
1217.0  0.422398E+05
1218.0  0.429471E+05
1219.0  0.449588E+05
1220.0  0.486441E+05
1221.0  0.565444E+05
1222.0  0.680487E+05
1223.0  0.828389E+05
1224.0  0.979861E+05
1225.0  0.110845E+06
1226.0  0.122563E+06
1227.0  0.134581E+06
1228.0  0.151041E+06
1229.0  0.177172E+06
1230.0  0.217513E+06
1231.0  0.295980E+06
1232.0  0.359908E+06
1233.0  0.401909E+06
1234.0  0.381540E+06
1235.0  0.333599E+06
1236.0  0.265550E+06
1237.0  0.176866E+06
1238.0  0.106945E+06
1239.0  0.595875E+05
1240.0  0.395988E+05
1241.0  0.358052E+05
1242.0  0.337142E+05
1243.0  0.328180E+05
1244.0  0.324260E+05
1245.0  0.319990E+05
1246.0  0.316157E+05
1247.0  0.313754E+05
1248.0  0.312397E+05
1249.0  0.312047E+05
1250.0  0.312766E+05
1251.0  0.313581E+05
1252.0  0.315050E+05
1253.0  0.317227E+05
1254.0  0.320671E+05
1255.0  0.324053E+05
1256.0  0.328956E+05
1257.0  0.337020E+05
1258.0  0.340569E+05
1259.0  0.340603E+05
1260.0  0.337129E+05
1261.0  0.329774E+05
1262.0  0.322040E+05
1263.0  0.314738E+05
1264.0  0.309759E+05
1265.0  0.308153E+05
1266.0  0.307446E+05
1267.0  0.306791E+05
1268.0  0.308622E+05
1269.0  0.310059E+05
1270.0  0.311210E+05
1271.0  0.313778E+05
1272.0  0.316593E+05
1273.0  0.319145E+05
1274.0  0.320665E+05
1275.0  0.322078E+05
1276.0  0.322438E+05
1277.0  0.321391E+05
1278.0  0.319174E+05
1279.0  0.316612E+05
1280.0  0.313990E+05
1281.0  0.312328E+05
1282.0  0.312553E+05
1283.0  0.314120E+05
1284.0  0.317133E+05
1285.0  0.317233E+05
1286.0  0.316340E+05
1287.0  0.314803E+05
1288.0  0.314521E+05
1289.0  0.313937E+05
1290.0  0.314308E+05
1291.0  0.318625E+05
1292.0  0.322915E+05
1293.0  0.328285E+05
1294.0  0.335407E+05
1295.0  0.347993E+05
1296.0  0.363934E+05
1297.0  0.382477E+05
1298.0  0.400756E+05
1299.0  0.406190E+05
1300.0  0.403046E+05
1301.0  0.391896E+05
1302.0  0.375009E+05
1303.0  0.360629E+05
1304.0  0.350839E+05
1305.0  0.355119E+05
1306.0  0.357910E+05
1307.0  0.358590E+05
1308.0  0.354402E+05
1309.0  0.344547E+05
1310.0  0.332356E+05
1311.0  0.318922E+05
1312.0  0.310215E+05
1313.0  0.305371E+05
1314.0  0.303804E+05
1315.0  0.302287E+05
1316.0  0.302148E+05
1317.0  0.302285E+05
1318.0  0.301446E+05
1319.0  0.301230E+05
1320.0  0.301237E+05
1321.0  0.301382E+05
1322.0  0.300860E+05
1323.0  0.300532E+05
1324.0  0.300360E+05
1325.0  0.300303E+05
1326.0  0.300382E+05
1327.0  0.299962E+05
1328.0  0.298529E+05
1329.0  0.299330E+05
1330.0  0.300468E+05
1331.0  0.301717E+05
1332.0  0.302508E+05
1333.0  0.302919E+05
1334.0  0.303127E+05
1335.0  0.303269E+05
1336.0  0.302936E+05
1337.0  0.302467E+05
1338.0  0.301947E+05
1339.0  0.302364E+05
1340.0  0.302742E+05
1341.0  0.302954E+05
1342.0  0.302544E+05
1343.0  0.302760E+05
1344.0  0.303404E+05
1345.0  0.304485E+05
1346.0  0.305274E+05
1347.0  0.305992E+05
1348.0  0.306687E+05
1349.0  0.307578E+05
1350.0  0.308571E+05
1351.0  0.309460E+05
1352.0  0.309962E+05
1353.0  0.312658E+05
1354.0  0.317388E+05
1355.0  0.324221E+05
1356.0  0.332133E+05
1357.0  0.339241E+05
1358.0  0.346059E+05
1359.0  0.353647E+05
1360.0  0.366476E+05
1361.0  0.388744E+05
1362.0  0.424255E+05
1363.0  0.472745E+05
1364.0  0.527597E+05
1365.0  0.589920E+05
1366.0  0.669065E+05
1367.0  0.792074E+05
1368.0  0.960307E+05
1369.0  0.119189E+06
1370.0  0.131684E+06
1371.0  0.133576E+06
1372.0  0.124695E+06
1373.0  0.105828E+06
1374.0  0.820234E+05
1375.0  0.581442E+05
1376.0  0.420040E+05
1377.0  0.359619E+05
1378.0  0.334633E+05
1379.0  0.330412E+05
1380.0  0.325867E+05
1381.0  0.322120E+05
1382.0  0.318366E+05
1383.0  0.312114E+05
1384.0  0.308099E+05
1385.0  0.305811E+05
1386.0  0.305421E+05
1387.0  0.304838E+05
1388.0  0.305383E+05
1389.0  0.306852E+05
1390.0  0.307780E+05
1391.0  0.308578E+05
1392.0  0.309512E+05
1393.0  0.310893E+05
1394.0  0.311220E+05
1395.0  0.311216E+05
1396.0  0.310801E+05
1397.0  0.307542E+05
1398.0  0.305188E+05
1399.0  0.303446E+05
1400.0  0.302106E+05
1401.0  0.301114E+05
1402.0  0.300833E+05
1403.0  0.301432E+05
1404.0  0.301638E+05
1405.0  0.301843E+05
1406.0  0.302058E+05
1407.0  0.302313E+05
1408.0  0.301090E+05
1409.0  0.300029E+05
1410.0  0.299972E+05
1411.0  0.300303E+05
1412.0  0.301070E+05
1413.0  0.302110E+05
1414.0  0.302692E+05
1415.0  0.303822E+05
1416.0  0.305318E+05
1417.0  0.307163E+05
1418.0  0.309453E+05
1419.0  0.312482E+05
1420.0  0.316148E+05
1421.0  0.319213E+05
1422.0  0.319537E+05
1423.0  0.318246E+05
1424.0  0.316068E+05
1425.0  0.313956E+05
1426.0  0.312274E+05
1427.0  0.311268E+05
1428.0  0.313830E+05
1429.0  0.319465E+05
1430.0  0.327902E+05
1431.0  0.339887E+05
1432.0  0.349106E+05
1433.0  0.356590E+05
1434.0  0.362466E+05
1435.0  0.369121E+05
1436.0  0.378303E+05
1437.0  0.392057E+05
1438.0  0.418162E+05
1439.0  0.438426E+05
1440.0  0.447795E+05
1441.0  0.441578E+05
1442.0  0.428904E+05
1443.0  0.410207E+05
1444.0  0.389237E+05
1445.0  0.381421E+05
1446.0  0.387529E+05
1447.0  0.406479E+05
1448.0  0.441304E+05
1449.0  0.483181E+05
1450.0  0.504972E+05
1451.0  0.504631E+05
1452.0  0.479494E+05
1453.0  0.440509E+05
1454.0  0.394922E+05
1455.0  0.347256E+05
1456.0  0.322865E+05
1457.0  0.309384E+05
1458.0  0.304873E+05
1459.0  0.304908E+05
1460.0  0.306132E+05
1461.0  0.307973E+05
1462.0  0.309943E+05
1463.0  0.310044E+05
1464.0  0.309643E+05
1465.0  0.308933E+05
1466.0  0.307112E+05
1467.0  0.305396E+05
1468.0  0.303289E+05
1469.0  0.299774E+05
1470.0  0.299075E+05
1471.0  0.299405E+05
1472.0  0.300363E+05
1473.0  0.301239E+05
1474.0  0.301083E+05
1475.0  0.300328E+05
1476.0  0.299673E+05
1477.0  0.300151E+05
1478.0  0.300718E+05
1479.0  0.301033E+05
1480.0  0.302058E+05
1481.0  0.302257E+05
1482.0  0.302002E+05
1483.0  0.302166E+05
1484.0  0.304191E+05
1485.0  0.306770E+05
1486.0  0.309441E+05
1487.0  0.316273E+05
1488.0  0.323174E+05
1489.0  0.331369E+05
1490.0  0.345732E+05
1491.0  0.364394E+05
1492.0  0.381717E+05
1493.0  0.394522E+05
1494.0  0.391255E+05
1495.0  0.381510E+05
1496.0  0.366047E+05
1497.0  0.344623E+05
1498.0  0.327985E+05
1499.0  0.316634E+05
1500.0  0.312172E+05
1501.0  0.314562E+05
1502.0  0.319455E+05
1503.0  0.325412E+05
1504.0  0.327109E+05
1505.0  0.325048E+05
1506.0  0.321430E+05
1507.0  0.317344E+05
1508.0  0.310221E+05
1509.0  0.304879E+05
1510.0  0.301486E+05
1511.0  0.299474E+05
1512.0  0.298743E+05
1513.0  0.298668E+05
1514.0  0.298968E+05
1515.0  0.299446E+05
1516.0  0.299706E+05
1517.0  0.299875E+05
1518.0  0.300896E+05
1519.0  0.300187E+05
1520.0  0.299426E+05
1521.0  0.299975E+05
1522.0  0.299502E+05
1523.0  0.299577E+05
1524.0  0.300227E+05
1525.0  0.300712E+05
1526.0  0.300692E+05
1527.0  0.300767E+05
1528.0  0.301488E+05
1529.0  0.301654E+05
1530.0  0.302650E+05
1531.0  0.304290E+05
1532.0  0.304461E+05
1533.0  0.304490E+05
1534.0  0.304318E+05
1535.0  0.303832E+05
1536.0  0.303092E+05
1537.0  0.302295E+05
1538.0  0.301644E+05
1539.0  0.302379E+05
1540.0  0.302095E+05
1541.0  0.301878E+05
1542.0  0.302700E+05
1543.0  0.303273E+05
1544.0  0.304767E+05
1545.0  0.307279E+05
1546.0  0.310795E+05
1547.0  0.314035E+05
1548.0  0.318412E+05
1549.0  0.325460E+05
1550.0  0.339158E+05
1551.0  0.355734E+05
1552.0  0.373919E+05
1553.0  0.388470E+05
1554.0  0.403983E+05
1555.0  0.421675E+05
1556.0  0.443136E+05
1557.0  0.481324E+05
1558.0  0.544261E+05
1559.0  0.627977E+05
1560.0  0.710615E+05
1561.0  0.732325E+05
1562.0  0.713542E+05
1563.0  0.658527E+05
1564.0  0.573196E+05
1565.0  0.494223E+05
1566.0  0.429091E+05
1567.0  0.404310E+05
1568.0  0.390093E+05
1569.0  0.377868E+05
1570.0  0.362517E+05
1571.0  0.344128E+05
1572.0  0.327625E+05
1573.0  0.314261E+05
1574.0  0.308964E+05
1575.0  0.307007E+05
1576.0  0.306541E+05
1577.0  0.306820E+05
1578.0  0.307610E+05
1579.0  0.308765E+05
1580.0  0.310091E+05
1581.0  0.310972E+05
1582.0  0.313307E+05
1583.0  0.316875E+05
1584.0  0.321774E+05
1585.0  0.328096E+05
1586.0  0.336127E+05
1587.0  0.346442E+05
1588.0  0.361409E+05
1589.0  0.380875E+05
1590.0  0.405227E+05
1591.0  0.435155E+05
1592.0  0.456252E+05
1593.0  0.481739E+05
1594.0  0.516698E+05
1595.0  0.576236E+05
1596.0  0.663039E+05
1597.0  0.780815E+05
1598.0  0.935390E+05
1599.0  0.118823E+06
1600.0  0.158140E+06
1601.0  0.207166E+06
1602.0  0.261178E+06
1603.0  0.274625E+06
1604.0  0.263856E+06
1605.0  0.231357E+06
1606.0  0.177204E+06
1607.0  0.120551E+06
1608.0  0.713258E+05
1609.0  0.462202E+05
1610.0  0.381872E+05
1611.0  0.346851E+05
1612.0  0.334059E+05
1613.0  0.323619E+05
1614.0  0.316243E+05
1615.0  0.311293E+05
1616.0  0.308839E+05
1617.0  0.307836E+05
1618.0  0.308370E+05
1619.0  0.310052E+05
1620.0  0.310324E+05
1621.0  0.311660E+05
1622.0  0.313754E+05
1623.0  0.316561E+05
1624.0  0.321150E+05
1625.0  0.324389E+05
1626.0  0.326548E+05
1627.0  0.329585E+05
1628.0  0.334266E+05
1629.0  0.339090E+05
1630.0  0.343248E+05
1631.0  0.343199E+05
1632.0  0.341741E+05
1633.0  0.339533E+05
1634.0  0.338118E+05
1635.0  0.338980E+05
1636.0  0.338907E+05
1637.0  0.336589E+05
1638.0  0.333335E+05
1639.0  0.327114E+05
1640.0  0.319475E+05
1641.0  0.313165E+05
1642.0  0.310136E+05
1643.0  0.308925E+05
1644.0  0.309392E+05
1645.0  0.313446E+05
1646.0  0.316131E+05
1647.0  0.317541E+05
1648.0  0.317397E+05
1649.0  0.315365E+05
1650.0  0.312363E+05
1651.0  0.308773E+05
1652.0  0.306602E+05
1653.0  0.305180E+05
1654.0  0.304143E+05
1655.0  0.303273E+05
1656.0  0.303063E+05
1657.0  0.303547E+05
1658.0  0.304641E+05
1659.0  0.306073E+05
1660.0  0.306017E+05
1661.0  0.306071E+05
1662.0  0.307136E+05
1663.0  0.305092E+05
1664.0  0.304457E+05
1665.0  0.304521E+05
1666.0  0.303211E+05
1667.0  0.303757E+05
1668.0  0.303615E+05
1669.0  0.301987E+05
1670.0  0.302909E+05
1671.0  0.303609E+05
1672.0  0.304123E+05
1673.0  0.304454E+05
1674.0  0.305015E+05
1675.0  0.305804E+05
1676.0  0.306655E+05
1677.0  0.305884E+05
1678.0  0.305565E+05
1679.0  0.305540E+05
1680.0  0.305734E+05
1681.0  0.304512E+05
1682.0  0.304025E+05
1683.0  0.304224E+05
1684.0  0.303972E+05
1685.0  0.303578E+05
1686.0  0.303245E+05
1687.0  0.303093E+05
1688.0  0.302660E+05
1689.0  0.302340E+05
1690.0  0.301901E+05
1691.0  0.300676E+05
1692.0  0.300903E+05
1693.0  0.300905E+05
1694.0  0.300226E+05
1695.0  0.300875E+05
1696.0  0.301510E+05
1697.0  0.302185E+05
1698.0  0.302992E+05
1699.0  0.302583E+05
1700.0  0.302056E+05
1701.0  0.301582E+05
1702.0  0.301128E+05
1703.0  0.301342E+05
1704.0  0.301473E+05
1705.0  0.300910E+05
1706.0  0.301596E+05
1707.0  0.302285E+05
1708.0  0.302984E+05
1709.0  0.303987E+05
1710.0  0.305875E+05
1711.0  0.307547E+05
1712.0  0.308617E+05
1713.0  0.315011E+05
1714.0  0.319483E+05
1715.0  0.321642E+05
1716.0  0.320134E+05
1717.0  0.317492E+05
1718.0  0.313762E+05
1719.0  0.309087E+05
1720.0  0.305044E+05
1721.0  0.302994E+05
1722.0  0.301953E+05
1723.0  0.301267E+05
1724.0  0.302438E+05
1725.0  0.302516E+05
1726.0  0.301748E+05
1727.0  0.301856E+05
1728.0  0.302020E+05
1729.0  0.301696E+05
1730.0  0.300606E+05
1731.0  0.301314E+05
1732.0  0.301143E+05
1733.0  0.300629E+05
1734.0  0.300709E+05
1735.0  0.300751E+05
1736.0  0.300698E+05
1737.0  0.300520E+05
1738.0  0.300065E+05
1739.0  0.300327E+05
1740.0  0.301101E+05
1741.0  0.302323E+05
1742.0  0.301838E+05
1743.0  0.301366E+05
1744.0  0.301186E+05
1745.0  0.301931E+05
1746.0  0.302016E+05
1747.0  0.302255E+05
1748.0  0.303020E+05
1749.0  0.305456E+05
1750.0  0.308866E+05
1751.0  0.313131E+05
1752.0  0.318280E+05
1753.0  0.327523E+05
1754.0  0.339734E+05
1755.0  0.354698E+05
1756.0  0.372001E+05
1757.0  0.398052E+05
1758.0  0.436039E+05
1759.0  0.490577E+05
1760.0  0.566658E+05
1761.0  0.608396E+05
1762.0  0.614586E+05
1763.0  0.580530E+05
1764.0  0.519031E+05
1765.0  0.446577E+05
1766.0  0.369884E+05
1767.0  0.329015E+05
1768.0  0.310073E+05
1769.0  0.303771E+05
1770.0  0.301932E+05
1771.0  0.301524E+05
1772.0  0.301438E+05
1773.0  0.301396E+05
1774.0  0.300680E+05
1775.0  0.301096E+05
1776.0  0.301750E+05
1777.0  0.302219E+05
1778.0  0.301799E+05
1779.0  0.301199E+05
1780.0  0.300555E+05
1781.0  0.300121E+05
1782.0  0.299985E+05
1783.0  0.300288E+05
1784.0  0.300907E+05
1785.0  0.300573E+05
1786.0  0.300736E+05
1787.0  0.300931E+05
1788.0  0.300815E+05
1789.0  0.301054E+05
1790.0  0.302485E+05
1791.0  0.304226E+05
1792.0  0.303805E+05
1793.0  0.306307E+05
1794.0  0.309933E+05
1795.0  0.314463E+05
1796.0  0.323345E+05
1797.0  0.337171E+05
1798.0  0.355096E+05
1799.0  0.377156E+05
1800.0  0.407939E+05
1801.0  0.454423E+05
1802.0  0.516759E+05
1803.0  0.595967E+05
1804.0  0.623960E+05
1805.0  0.616840E+05
1806.0  0.577949E+05
1807.0  0.508357E+05
1808.0  0.431840E+05
1809.0  0.362716E+05
1810.0  0.322733E+05
1811.0  0.311517E+05
1812.0  0.306519E+05
1813.0  0.304303E+05
1814.0  0.302554E+05
1815.0  0.301841E+05
1816.0  0.301326E+05
1817.0  0.300625E+05
1818.0  0.301191E+05
1819.0  0.301684E+05
1820.0  0.301980E+05
1821.0  0.301820E+05
1822.0  0.301584E+05
1823.0  0.301815E+05
1824.0  0.302510E+05
1825.0  0.303084E+05
1826.0  0.303403E+05
1827.0  0.303992E+05
1828.0  0.305190E+05
1829.0  0.305575E+05
1830.0  0.305693E+05
1831.0  0.305598E+05
1832.0  0.305336E+05
1833.0  0.304147E+05
1834.0  0.303103E+05
1835.0  0.302331E+05
1836.0  0.301248E+05
1837.0  0.301632E+05
1838.0  0.301668E+05
1839.0  0.300128E+05
1840.0  0.300286E+05
1841.0  0.301035E+05
1842.0  0.301976E+05
1843.0  0.302346E+05
1844.0  0.302431E+05
1845.0  0.302516E+05
1846.0  0.302537E+05
1847.0  0.301555E+05
1848.0  0.301449E+05
1849.0  0.301244E+05
1850.0  0.300270E+05
1851.0  0.300735E+05
1852.0  0.301190E+05
1853.0  0.301354E+05
1854.0  0.300634E+05
1855.0  0.301152E+05
1856.0  0.302086E+05
1857.0  0.303064E+05
1858.0  0.302540E+05
1859.0  0.303007E+05
1860.0  0.303287E+05
1861.0  0.302581E+05
1862.0  0.303995E+05
1863.0  0.304524E+05
1864.0  0.304427E+05
1865.0  0.304201E+05
1866.0  0.303329E+05
1867.0  0.302467E+05
1868.0  0.301679E+05
1869.0  0.300543E+05
1870.0  0.300336E+05
1871.0  0.301376E+05
1872.0  0.303998E+05
1873.0  0.303459E+05
1874.0  0.302543E+05
1875.0  0.301714E+05
1876.0  0.301808E+05
1877.0  0.302229E+05
1878.0  0.302765E+05
1879.0  0.303186E+05
1880.0  0.302392E+05
1881.0  0.301703E+05
1882.0  0.301747E+05
1883.0  0.302882E+05
1884.0  0.302321E+05
1885.0  0.301914E+05
1886.0  0.301943E+05
1887.0  0.302920E+05
1888.0  0.303301E+05
1889.0  0.303887E+05
1890.0  0.304718E+05
1891.0  0.305549E+05
1892.0  0.307520E+05
1893.0  0.310468E+05
1894.0  0.314334E+05
1895.0  0.317521E+05
1896.0  0.317869E+05
1897.0  0.316225E+05
1898.0  0.313206E+05
1899.0  0.310085E+05
1900.0  0.307663E+05
1901.0  0.305871E+05
1902.0  0.304346E+05
1903.0  0.304463E+05
1904.0  0.304785E+05
1905.0  0.304956E+05
1906.0  0.306029E+05
1907.0  0.305557E+05
1908.0  0.304822E+05
1909.0  0.304887E+05
1910.0  0.302907E+05
1911.0  0.303205E+05
1912.0  0.304537E+05
1913.0  0.303705E+05
1914.0  0.304591E+05
1915.0  0.305497E+05
1916.0  0.305857E+05
1917.0  0.304287E+05
1918.0  0.304113E+05
1919.0  0.303985E+05
1920.0  0.303111E+05
1921.0  0.303856E+05
1922.0  0.304282E+05
1923.0  0.304718E+05
1924.0  0.305697E+05
1925.0  0.306884E+05
1926.0  0.308458E+05
1927.0  0.310758E+05
1928.0  0.315222E+05
1929.0  0.320187E+05
1930.0  0.323655E+05
1931.0  0.324702E+05
1932.0  0.322766E+05
1933.0  0.319588E+05
1934.0  0.315657E+05
1935.0  0.311345E+05
1936.0  0.308159E+05
1937.0  0.307929E+05
1938.0  0.310126E+05
1939.0  0.313496E+05
1940.0  0.318558E+05
1941.0  0.325450E+05
1942.0  0.335058E+05
1943.0  0.353420E+05
1944.0  0.376513E+05
1945.0  0.403459E+05
1946.0  0.434135E+05
1947.0  0.475489E+05
1948.0  0.530607E+05
1949.0  0.591784E+05
1950.0  0.648074E+05
1951.0  0.710659E+05
1952.0  0.796078E+05
1953.0  0.902121E+05
1954.0  0.101509E+06
1955.0  0.103618E+06
1956.0  0.994902E+05
1957.0  0.897563E+05
1958.0  0.737856E+05
1959.0  0.569687E+05
1960.0  0.427812E+05
1961.0  0.344922E+05
1962.0  0.322230E+05
1963.0  0.312538E+05
1964.0  0.310293E+05
1965.0  0.308499E+05
1966.0  0.308289E+05
1967.0  0.307503E+05
1968.0  0.306162E+05
1969.0  0.306250E+05
1970.0  0.305129E+05
1971.0  0.303972E+05
1972.0  0.303378E+05
1973.0  0.305121E+05
1974.0  0.304605E+05
1975.0  0.303684E+05
1976.0  0.304204E+05
1977.0  0.305225E+05
1978.0  0.306067E+05
1979.0  0.306352E+05
1980.0  0.305180E+05
1981.0  0.304828E+05
1982.0  0.304720E+05
1983.0  0.304776E+05
1984.0  0.305223E+05
1985.0  0.306296E+05
1986.0  0.308133E+05
1987.0  0.310804E+05
1988.0  0.312710E+05
1989.0  0.314425E+05
1990.0  0.315514E+05
1991.0  0.315397E+05
1992.0  0.313636E+05
1993.0  0.310824E+05
1994.0  0.307584E+05
1995.0  0.305318E+05
1996.0  0.305186E+05
1997.0  0.304863E+05
1998.0  0.304220E+05
1999.0  0.305503E+05
2000.0  0.305034E+05
2001.0  0.304899E+05
2002.0  0.306175E+05
2003.0  0.309440E+05
2004.0  0.313658E+05
2005.0  0.319006E+05
2006.0  0.325839E+05
2007.0  0.334979E+05
2008.0  0.348094E+05
2009.0  0.366423E+05
2010.0  0.393436E+05
2011.0  0.418034E+05
2012.0  0.429002E+05
2013.0  0.424496E+05
2014.0  0.406486E+05
2015.0  0.379714E+05
2016.0  0.351110E+05
2017.0  0.324402E+05
2018.0  0.313863E+05
2019.0  0.310039E+05
2020.0  0.309841E+05
2021.0  0.310855E+05
2022.0  0.317301E+05
2023.0  0.325371E+05
2024.0  0.336216E+05
2025.0  0.352791E+05
2026.0  0.378146E+05
2027.0  0.414365E+05
2028.0  0.463973E+05
2029.0  0.537092E+05
2030.0  0.611291E+05
2031.0  0.665252E+05
2032.0  0.691521E+05
2033.0  0.700915E+05
2034.0  0.682729E+05
2035.0  0.638823E+05
2036.0  0.568167E+05
2037.0  0.506571E+05
2038.0  0.445296E+05
2039.0  0.388284E+05
2040.0  0.341988E+05
2041.0  0.322450E+05
2042.0  0.313707E+05
2043.0  0.312419E+05
2044.0  0.314390E+05
2045.0  0.314032E+05
2046.0  0.315059E+05
2047.0  0.318200E+05
2048.0  0.322166E+05
2049.0  0.326578E+05
2050.0  0.330491E+05
2051.0  0.333299E+05
2052.0  0.332784E+05
2053.0  0.329894E+05
2054.0  0.324485E+05
2055.0  0.316117E+05
2056.0  0.311369E+05
2057.0  0.307543E+05
2058.0  0.304863E+05
2059.0  0.304104E+05
2060.0  0.304314E+05
2061.0  0.304329E+05
2062.0  0.304144E+05
2063.0  0.304343E+05
2064.0  0.303912E+05
2065.0  0.303466E+05
2066.0  0.303304E+05
2067.0  0.304365E+05
2068.0  0.304307E+05
2069.0  0.303568E+05
2070.0  0.302424E+05
2071.0  0.303757E+05
2072.0  0.303895E+05
2073.0  0.303486E+05
2074.0  0.303184E+05
2075.0  0.303626E+05
2076.0  0.303491E+05
2077.0  0.303258E+05
2078.0  0.304047E+05
2079.0  0.304640E+05
2080.0  0.305119E+05
2081.0  0.305551E+05
2082.0  0.306148E+05
2083.0  0.305991E+05
2084.0  0.305548E+05
2085.0  0.305018E+05
2086.0  0.304892E+05
2087.0  0.305457E+05
2088.0  0.306087E+05
2089.0  0.306482E+05
2090.0  0.308215E+05
2091.0  0.311296E+05
2092.0  0.314824E+05
2093.0  0.317914E+05
2094.0  0.324598E+05
2095.0  0.331873E+05
2096.0  0.337358E+05
2097.0  0.336635E+05
2098.0  0.332845E+05
2099.0  0.326932E+05
2100.0  0.319596E+05
2101.0  0.312616E+05
2102.0  0.308888E+05
2103.0  0.306817E+05
2104.0  0.305978E+05
2105.0  0.306125E+05
2106.0  0.309030E+05
2107.0  0.313678E+05
2108.0  0.319686E+05
2109.0  0.326929E+05
2110.0  0.338533E+05
2111.0  0.355619E+05
2112.0  0.379521E+05
2113.0  0.409371E+05
2114.0  0.431458E+05
2115.0  0.447872E+05
2116.0  0.461122E+05
2117.0  0.471609E+05
2118.0  0.467613E+05
2119.0  0.450801E+05
2120.0  0.425839E+05
2121.0  0.396822E+05
2122.0  0.365701E+05
2123.0  0.335575E+05
2124.0  0.317819E+05
2125.0  0.309934E+05
2126.0  0.306927E+05
2127.0  0.307269E+05
2128.0  0.310277E+05
2129.0  0.315247E+05
2130.0  0.322116E+05
2131.0  0.331037E+05
2132.0  0.343449E+05
2133.0  0.360166E+05
2134.0  0.384982E+05
2135.0  0.421855E+05
2136.0  0.461692E+05
2137.0  0.484672E+05
2138.0  0.491429E+05
2139.0  0.481696E+05
2140.0  0.460207E+05
2141.0  0.437193E+05
2142.0  0.415312E+05
2143.0  0.398912E+05
2144.0  0.385626E+05
2145.0  0.370033E+05
2146.0  0.351536E+05
2147.0  0.331196E+05
2148.0  0.320197E+05
2149.0  0.314707E+05
2150.0  0.313311E+05
2151.0  0.313229E+05
2152.0  0.313312E+05
2153.0  0.313099E+05
2154.0  0.312452E+05
2155.0  0.312645E+05
2156.0  0.311883E+05
2157.0  0.310765E+05
2158.0  0.309695E+05
2159.0  0.308199E+05
2160.0  0.306728E+05
2161.0  0.305589E+05
2162.0  0.305167E+05
2163.0  0.304419E+05
2164.0  0.303133E+05
2165.0  0.302460E+05
2166.0  0.304512E+05
2167.0  0.303980E+05
2168.0  0.303738E+05
2169.0  0.303977E+05
2170.0  0.304391E+05
2171.0  0.303826E+05
2172.0  0.303972E+05
2173.0  0.304859E+05
2174.0  0.305230E+05
2175.0  0.305282E+05
2176.0  0.304689E+05
2177.0  0.303625E+05
2178.0  0.304114E+05
2179.0  0.303947E+05
2180.0  0.304028E+05
2181.0  0.304666E+05
2182.0  0.304147E+05
2183.0  0.304074E+05
2184.0  0.304129E+05
2185.0  0.304107E+05
2186.0  0.304478E+05
2187.0  0.306161E+05
2188.0  0.308072E+05
2189.0  0.309103E+05
2190.0  0.312511E+05
2191.0  0.316943E+05
2192.0  0.322397E+05
2193.0  0.329015E+05
2194.0  0.334936E+05
2195.0  0.337697E+05
2196.0  0.336804E+05
2197.0  0.331268E+05
2198.0  0.327272E+05
2199.0  0.324892E+05
2200.0  0.324197E+05
2201.0  0.325489E+05
2202.0  0.324449E+05
2203.0  0.322271E+05
2204.0  0.319250E+05
2205.0  0.315516E+05
2206.0  0.313546E+05
2207.0  0.313702E+05
2208.0  0.316309E+05
2209.0  0.322428E+05
2210.0  0.327244E+05
2211.0  0.332270E+05
2212.0  0.338087E+05
2213.0  0.342930E+05
2214.0  0.353484E+05
2215.0  0.366100E+05
2216.0  0.378121E+05
2217.0  0.377839E+05
2218.0  0.371049E+05
2219.0  0.358744E+05
2220.0  0.341520E+05
2221.0  0.326169E+05
2222.0  0.316079E+05
2223.0  0.310660E+05
2224.0  0.309434E+05
2225.0  0.309451E+05
2226.0  0.309621E+05
2227.0  0.310863E+05
2228.0  0.314907E+05
2229.0  0.319882E+05
2230.0  0.326824E+05
2231.0  0.336603E+05
2232.0  0.351213E+05
2233.0  0.371032E+05
2234.0  0.398754E+05
2235.0  0.438327E+05
2236.0  0.501335E+05
2237.0  0.545931E+05
2238.0  0.561783E+05
2239.0  0.546957E+05
2240.0  0.502048E+05
2241.0  0.438517E+05
2242.0  0.378112E+05
2243.0  0.330466E+05
2244.0  0.314275E+05
2245.0  0.307663E+05
2246.0  0.305236E+05
2247.0  0.304777E+05
2248.0  0.304137E+05
2249.0  0.304126E+05
2250.0  0.304142E+05
2251.0  0.303977E+05
2252.0  0.304810E+05
2253.0  0.304662E+05
2254.0  0.304323E+05
2255.0  0.304267E+05
2256.0  0.303924E+05
2257.0  0.304964E+05
2258.0  0.305962E+05
2259.0  0.305765E+05
2260.0  0.305251E+05
2261.0  0.305289E+05
2262.0  0.305201E+05
2263.0  0.304277E+05
2264.0  0.305174E+05
2265.0  0.306748E+05
2266.0  0.308168E+05
2267.0  0.308361E+05
2268.0  0.306470E+05
2269.0  0.306234E+05
2270.0  0.306660E+05
2271.0  0.305885E+05
2272.0  0.306446E+05
2273.0  0.306628E+05
2274.0  0.306382E+05
2275.0  0.305860E+05
2276.0  0.305594E+05
2277.0  0.305096E+05
2278.0  0.304580E+05
2279.0  0.304714E+05
2280.0  0.304481E+05
2281.0  0.304836E+05
2282.0  0.305756E+05
2283.0  0.306748E+05
2284.0  0.306072E+05
2285.0  0.305887E+05
2286.0  0.306474E+05
2287.0  0.307295E+05
2288.0  0.308557E+05
2289.0  0.310251E+05
2290.0  0.312014E+05
2291.0  0.312238E+05
2292.0  0.310671E+05
2293.0  0.309337E+05
2294.0  0.308733E+05
2295.0  0.308233E+05
2296.0  0.308379E+05
2297.0  0.308177E+05
2298.0  0.307441E+05
2299.0  0.307367E+05
2300.0  0.307807E+05
2301.0  0.307241E+05
2302.0  0.305336E+05
2303.0  0.304977E+05
2304.0  0.304783E+05
2305.0  0.304722E+05
2306.0  0.304700E+05
2307.0  0.303796E+05
2308.0  0.303863E+05
2309.0  0.304220E+05
2310.0  0.304450E+05
2311.0  0.303965E+05
2312.0  0.304127E+05
2313.0  0.304463E+05
2314.0  0.304718E+05
2315.0  0.305794E+05
2316.0  0.306115E+05
2317.0  0.306004E+05
2318.0  0.305700E+05
2319.0  0.305685E+05
2320.0  0.305949E+05
2321.0  0.306015E+05
2322.0  0.305490E+05
2323.0  0.304862E+05
2324.0  0.305223E+05
2325.0  0.305498E+05
2326.0  0.304698E+05
2327.0  0.304153E+05
2328.0  0.305314E+05
2329.0  0.306189E+05
2330.0  0.304723E+05
2331.0  0.305281E+05
2332.0  0.305700E+05
2333.0  0.306209E+05
2334.0  0.307092E+05
2335.0  0.309521E+05
2336.0  0.312271E+05
2337.0  0.316060E+05
2338.0  0.321843E+05
2339.0  0.329745E+05
2340.0  0.341649E+05
2341.0  0.357595E+05
2342.0  0.377717E+05
2343.0  0.389743E+05
2344.0  0.393243E+05
2345.0  0.388018E+05
2346.0  0.373415E+05
2347.0  0.351729E+05
2348.0  0.333109E+05
2349.0  0.318995E+05
2350.0  0.310977E+05
2351.0  0.307985E+05
2352.0  0.306916E+05
2353.0  0.307176E+05
2354.0  0.308187E+05
2355.0  0.307470E+05
2356.0  0.306657E+05
2357.0  0.306266E+05
2358.0  0.307000E+05
2359.0  0.307176E+05
2360.0  0.307418E+05
2361.0  0.307656E+05
2362.0  0.307678E+05
2363.0  0.309619E+05
2364.0  0.311683E+05
2365.0  0.315738E+05
2366.0  0.325562E+05
2367.0  0.343556E+05
2368.0  0.369988E+05
2369.0  0.405293E+05
2370.0  0.450715E+05
2371.0  0.519318E+05
2372.0  0.624270E+05
2373.0  0.764848E+05
2374.0  0.939223E+05
2375.0  0.100599E+06
2376.0  0.990748E+05
2377.0  0.903153E+05
2378.0  0.753183E+05
2379.0  0.566793E+05
2380.0  0.430019E+05
2381.0  0.348542E+05
2382.0  0.319965E+05
2383.0  0.314144E+05
2384.0  0.311995E+05
2385.0  0.311432E+05
2386.0  0.312115E+05
2387.0  0.312046E+05
2388.0  0.312707E+05
2389.0  0.313218E+05
2390.0  0.311635E+05
2391.0  0.312664E+05
2392.0  0.312924E+05
2393.0  0.312765E+05
2394.0  0.313411E+05
2395.0  0.312461E+05
2396.0  0.310870E+05
2397.0  0.309368E+05
2398.0  0.309127E+05
2399.0  0.308657E+05
2400.0  0.309775E+05
2401.0  0.312223E+05
2402.0  0.315339E+05
2403.0  0.319324E+05
2404.0  0.324775E+05
2405.0  0.332419E+05
2406.0  0.343483E+05
2407.0  0.361712E+05
2408.0  0.381096E+05
2409.0  0.395832E+05
2410.0  0.397185E+05
2411.0  0.386262E+05
2412.0  0.368430E+05
2413.0  0.347085E+05
2414.0  0.326721E+05
2415.0  0.315940E+05
2416.0  0.311895E+05
2417.0  0.312717E+05
2418.0  0.316115E+05
2419.0  0.323165E+05
2420.0  0.336100E+05
2421.0  0.354935E+05
2422.0  0.379685E+05
2423.0  0.415669E+05
2424.0  0.464163E+05
2425.0  0.533102E+05
2426.0  0.632356E+05
2427.0  0.741099E+05
2428.0  0.787863E+05
2429.0  0.777360E+05
2430.0  0.716398E+05
2431.0  0.603124E+05
2432.0  0.484356E+05
2433.0  0.385654E+05
2434.0  0.332582E+05
2435.0  0.319468E+05
2436.0  0.313400E+05
2437.0  0.311779E+05
2438.0  0.312125E+05
2439.0  0.312426E+05
2440.0  0.311786E+05
2441.0  0.311167E+05
2442.0  0.311330E+05
2443.0  0.310676E+05
2444.0  0.310422E+05
2445.0  0.310760E+05
2446.0  0.311763E+05
2447.0  0.311839E+05
2448.0  0.313203E+05
2449.0  0.316994E+05
2450.0  0.323981E+05
2451.0  0.333756E+05
2452.0  0.348718E+05
2453.0  0.369488E+05
2454.0  0.396445E+05
2455.0  0.428534E+05
2456.0  0.478648E+05
2457.0  0.547828E+05
2458.0  0.632121E+05
2459.0  0.690188E+05
2460.0  0.720599E+05
2461.0  0.745894E+05
2462.0  0.777983E+05
2463.0  0.830803E+05
2464.0  0.847992E+05
2465.0  0.827798E+05
2466.0  0.768458E+05
2467.0  0.666275E+05
2468.0  0.536243E+05
2469.0  0.425731E+05
2470.0  0.352417E+05
2471.0  0.327446E+05
2472.0  0.316923E+05
2473.0  0.312172E+05
2474.0  0.310401E+05
2475.0  0.309775E+05
2476.0  0.310026E+05
2477.0  0.310425E+05
2478.0  0.311204E+05
2479.0  0.313565E+05
2480.0  0.316229E+05
2481.0  0.319537E+05
2482.0  0.322863E+05
2483.0  0.324470E+05
2484.0  0.323938E+05
2485.0  0.321406E+05
2486.0  0.317542E+05
2487.0  0.313656E+05
2488.0  0.309686E+05
2489.0  0.307743E+05
2490.0  0.307299E+05
2491.0  0.307148E+05
2492.0  0.308672E+05
2493.0  0.309061E+05
2494.0  0.309227E+05
2495.0  0.310677E+05
2496.0  0.312940E+05
2497.0  0.315081E+05
2498.0  0.316898E+05
2499.0  0.318197E+05
2500.0  0.317402E+05
2501.0  0.315101E+05
2502.0  0.312463E+05
2503.0  0.310544E+05
2504.0  0.308330E+05
2505.0  0.307877E+05
2506.0  0.307903E+05
2507.0  0.307572E+05
2508.0  0.308721E+05
2509.0  0.309036E+05
2510.0  0.309354E+05
2511.0  0.310073E+05
2512.0  0.310224E+05
2513.0  0.312204E+05
2514.0  0.314600E+05
2515.0  0.316849E+05
2516.0  0.319532E+05
2517.0  0.320593E+05
2518.0  0.321122E+05
2519.0  0.321426E+05
2520.0  0.321123E+05
2521.0  0.320920E+05
2522.0  0.320219E+05
2523.0  0.319063E+05
2524.0  0.318185E+05
2525.0  0.317016E+05
2526.0  0.315066E+05
2527.0  0.312656E+05
2528.0  0.310901E+05
2529.0  0.310353E+05
2530.0  0.310400E+05
2531.0  0.310677E+05
2532.0  0.310624E+05
2533.0  0.309429E+05
2534.0  0.309642E+05
2535.0  0.311384E+05
2536.0  0.314509E+05
2537.0  0.315591E+05
2538.0  0.316536E+05
2539.0  0.317300E+05
2540.0  0.317739E+05
2541.0  0.317408E+05
2542.0  0.316644E+05
2543.0  0.315116E+05
2544.0  0.312635E+05
2545.0  0.311643E+05
2546.0  0.311171E+05
2547.0  0.310729E+05
2548.0  0.310078E+05
2549.0  0.310184E+05
2550.0  0.311734E+05
2551.0  0.313274E+05
2552.0  0.314478E+05
2553.0  0.317993E+05
2554.0  0.318426E+05
2555.0  0.318323E+05
2556.0  0.318338E+05
2557.0  0.317345E+05
2558.0  0.318362E+05
2559.0  0.320858E+05
2560.0  0.326155E+05
2561.0  0.338812E+05
2562.0  0.367386E+05
2563.0  0.411034E+05
2564.0  0.471083E+05
2565.0  0.551039E+05
2566.0  0.669064E+05
2567.0  0.860052E+05
2568.0  0.112275E+06
2569.0  0.145003E+06
2570.0  0.155941E+06
2571.0  0.151672E+06
2572.0  0.134391E+06
2573.0  0.106557E+06
2574.0  0.724121E+05
2575.0  0.498465E+05
2576.0  0.375000E+05
2577.0  0.337715E+05
2578.0  0.329666E+05
2579.0  0.324988E+05
2580.0  0.321185E+05
2581.0  0.316859E+05
2582.0  0.312390E+05
2583.0  0.310803E+05
2584.0  0.310033E+05
2585.0  0.309474E+05
2586.0  0.310203E+05
2587.0  0.310744E+05
2588.0  0.311665E+05
2589.0  0.313043E+05
2590.0  0.314630E+05
2591.0  0.315971E+05
2592.0  0.316317E+05
2593.0  0.316122E+05
2594.0  0.316631E+05
2595.0  0.313432E+05
2596.0  0.311567E+05
2597.0  0.311213E+05
2598.0  0.311950E+05
2599.0  0.310928E+05
2600.0  0.310759E+05
2601.0  0.311371E+05
2602.0  0.312528E+05
2603.0  0.311601E+05
2604.0  0.311744E+05
2605.0  0.312740E+05
2606.0  0.314439E+05
2607.0  0.316939E+05
2608.0  0.321311E+05
2609.0  0.327381E+05
2610.0  0.334976E+05
2611.0  0.343512E+05
2612.0  0.347007E+05
2613.0  0.346240E+05
2614.0  0.341570E+05
2615.0  0.333434E+05
2616.0  0.324224E+05
2617.0  0.316858E+05
2618.0  0.311930E+05
2619.0  0.309603E+05
2620.0  0.309574E+05
2621.0  0.309926E+05
2622.0  0.310276E+05
2623.0  0.310329E+05
2624.0  0.311765E+05
2625.0  0.313122E+05
2626.0  0.315038E+05
2627.0  0.318073E+05
2628.0  0.320234E+05
2629.0  0.320643E+05
2630.0  0.319456E+05
2631.0  0.316967E+05
2632.0  0.314851E+05
2633.0  0.313445E+05
2634.0  0.313086E+05
2635.0  0.313943E+05
2636.0  0.316166E+05
2637.0  0.319707E+05
2638.0  0.325049E+05
2639.0  0.332932E+05
2640.0  0.345084E+05
2641.0  0.355675E+05
2642.0  0.361502E+05
2643.0  0.361833E+05
2644.0  0.356167E+05
2645.0  0.343799E+05
2646.0  0.329963E+05
2647.0  0.317948E+05
2648.0  0.311029E+05
2649.0  0.309825E+05
2650.0  0.309792E+05
2651.0  0.309911E+05
2652.0  0.309565E+05
2653.0  0.309877E+05
2654.0  0.310196E+05
2655.0  0.309828E+05
2656.0  0.309013E+05
2657.0  0.310431E+05
2658.0  0.311209E+05
2659.0  0.312439E+05
2660.0  0.314726E+05
2661.0  0.318996E+05
2662.0  0.327329E+05
2663.0  0.341739E+05
2664.0  0.363947E+05
2665.0  0.396316E+05
2666.0  0.441779E+05
2667.0  0.506225E+05
2668.0  0.600997E+05
2669.0  0.736325E+05
2670.0  0.898181E+05
2671.0  0.966254E+05
2672.0  0.958261E+05
2673.0  0.885484E+05
2674.0  0.739277E+05
2675.0  0.580434E+05
2676.0  0.455097E+05
2677.0  0.379875E+05
2678.0  0.350724E+05
2679.0  0.333794E+05
2680.0  0.322137E+05
2681.0  0.314637E+05
2682.0  0.312080E+05
2683.0  0.312640E+05
2684.0  0.312899E+05
2685.0  0.313291E+05
2686.0  0.314817E+05
2687.0  0.318874E+05
2688.0  0.324383E+05
2689.0  0.331621E+05
2690.0  0.340567E+05
2691.0  0.348311E+05
2692.0  0.350387E+05
2693.0  0.347054E+05
2694.0  0.338944E+05
2695.0  0.328739E+05
2696.0  0.319940E+05
2697.0  0.314062E+05
2698.0  0.311180E+05
2699.0  0.310363E+05
2700.0  0.311152E+05
2701.0  0.311419E+05
2702.0  0.311282E+05
2703.0  0.311358E+05
2704.0  0.313182E+05
2705.0  0.314866E+05
2706.0  0.315885E+05
2707.0  0.315919E+05
2708.0  0.316943E+05
2709.0  0.317199E+05
2710.0  0.318154E+05
2711.0  0.320604E+05
2712.0  0.324595E+05
2713.0  0.335457E+05
2714.0  0.351595E+05
2715.0  0.373829E+05
2716.0  0.405981E+05
2717.0  0.449958E+05
2718.0  0.521759E+05
2719.0  0.620404E+05
2720.0  0.740206E+05
2721.0  0.783734E+05
2722.0  0.769396E+05
2723.0  0.706153E+05
2724.0  0.604108E+05
2725.0  0.475723E+05
2726.0  0.390180E+05
2727.0  0.340971E+05
2728.0  0.321884E+05
2729.0  0.318363E+05
2730.0  0.319725E+05
2731.0  0.322187E+05
2732.0  0.325608E+05
2733.0  0.332444E+05
2734.0  0.341489E+05
2735.0  0.352000E+05
2736.0  0.361585E+05
2737.0  0.366915E+05
2738.0  0.363140E+05
2739.0  0.354797E+05
2740.0  0.342789E+05
2741.0  0.328679E+05
2742.0  0.321816E+05
2743.0  0.316572E+05
2744.0  0.313744E+05
2745.0  0.313290E+05
2746.0  0.313420E+05
2747.0  0.315874E+05
2748.0  0.321072E+05
2749.0  0.329471E+05
2750.0  0.341847E+05
2751.0  0.359922E+05
2752.0  0.384235E+05
2753.0  0.419255E+05
2754.0  0.470102E+05
2755.0  0.553870E+05
2756.0  0.610334E+05
2757.0  0.630562E+05
2758.0  0.609667E+05
2759.0  0.549456E+05
2760.0  0.468738E+05
2761.0  0.396044E+05
2762.0  0.344948E+05
2763.0  0.328506E+05
2764.0  0.327688E+05
2765.0  0.330718E+05
2766.0  0.336337E+05
2767.0  0.345182E+05
2768.0  0.355944E+05
2769.0  0.364214E+05
2770.0  0.367635E+05
2771.0  0.364408E+05
2772.0  0.354387E+05
2773.0  0.341252E+05
2774.0  0.328752E+05
2775.0  0.319245E+05
2776.0  0.315699E+05
2777.0  0.313975E+05
2778.0  0.312879E+05
2779.0  0.311808E+05
2780.0  0.310028E+05
2781.0  0.310554E+05
2782.0  0.310706E+05
2783.0  0.310717E+05
2784.0  0.311001E+05
2785.0  0.311293E+05
2786.0  0.311867E+05
2787.0  0.312599E+05
2788.0  0.313054E+05
2789.0  0.311180E+05
2790.0  0.311140E+05
2791.0  0.311531E+05
2792.0  0.312059E+05
2793.0  0.312896E+05
2794.0  0.312151E+05
2795.0  0.312250E+05
2796.0  0.312483E+05
2797.0  0.311778E+05
2798.0  0.312716E+05
2799.0  0.313648E+05
2800.0  0.314885E+05
2801.0  0.316745E+05
2802.0  0.320065E+05
2803.0  0.326462E+05
2804.0  0.336548E+05
2805.0  0.350878E+05
2806.0  0.370429E+05
2807.0  0.398976E+05
2808.0  0.446623E+05
2809.0  0.511312E+05
2810.0  0.587488E+05
2811.0  0.608221E+05
2812.0  0.593685E+05
2813.0  0.547989E+05
2814.0  0.477162E+05
2815.0  0.398263E+05
2816.0  0.352130E+05
2817.0  0.329856E+05
2818.0  0.325519E+05
2819.0  0.330212E+05
2820.0  0.338305E+05
2821.0  0.350461E+05
2822.0  0.369103E+05
2823.0  0.396855E+05
2824.0  0.427164E+05
2825.0  0.440130E+05
2826.0  0.437202E+05
2827.0  0.420102E+05
2828.0  0.391096E+05
2829.0  0.359155E+05
2830.0  0.336879E+05
2831.0  0.326574E+05
2832.0  0.324572E+05
2833.0  0.324014E+05
2834.0  0.325585E+05
2835.0  0.328651E+05
2836.0  0.332368E+05
2837.0  0.339493E+05
2838.0  0.347847E+05
2839.0  0.354568E+05
2840.0  0.357607E+05
2841.0  0.354796E+05
2842.0  0.345723E+05
2843.0  0.335309E+05
2844.0  0.325660E+05
2845.0  0.318687E+05
2846.0  0.317369E+05
2847.0  0.316310E+05
2848.0  0.315610E+05
2849.0  0.315724E+05
2850.0  0.315825E+05
2851.0  0.316801E+05
2852.0  0.319329E+05
2853.0  0.323838E+05
2854.0  0.330824E+05
2855.0  0.345497E+05
2856.0  0.367323E+05
2857.0  0.396572E+05
2858.0  0.433703E+05
2859.0  0.498561E+05
2860.0  0.597382E+05
2861.0  0.706310E+05
2862.0  0.797688E+05
2863.0  0.803080E+05
2864.0  0.760800E+05
2865.0  0.682523E+05
2866.0  0.582138E+05
2867.0  0.490330E+05
2868.0  0.438978E+05
2869.0  0.405323E+05
2870.0  0.380719E+05
2871.0  0.357009E+05
2872.0  0.337390E+05
2873.0  0.325791E+05
2874.0  0.319934E+05
2875.0  0.317760E+05
2876.0  0.317243E+05
2877.0  0.317765E+05
2878.0  0.318286E+05
2879.0  0.318574E+05
2880.0  0.318768E+05
2881.0  0.318404E+05
2882.0  0.318354E+05
2883.0  0.318981E+05
2884.0  0.320483E+05
2885.0  0.321325E+05
2886.0  0.322762E+05
2887.0  0.326506E+05
2888.0  0.332740E+05
2889.0  0.339090E+05
2890.0  0.350031E+05
2891.0  0.365647E+05
2892.0  0.388701E+05
2893.0  0.423149E+05
2894.0  0.448811E+05
2895.0  0.456278E+05
2896.0  0.449683E+05
2897.0  0.432079E+05
2898.0  0.399120E+05
2899.0  0.372800E+05
2900.0  0.361868E+05
2901.0  0.367291E+05
2902.0  0.384903E+05
2903.0  0.410508E+05
2904.0  0.423550E+05
2905.0  0.424036E+05
2906.0  0.414122E+05
2907.0  0.392692E+05
2908.0  0.368194E+05
2909.0  0.348228E+05
2910.0  0.336415E+05
2911.0  0.333592E+05
2912.0  0.333854E+05
2913.0  0.334865E+05
2914.0  0.336113E+05
2915.0  0.337374E+05
2916.0  0.340268E+05
2917.0  0.343333E+05
2918.0  0.347761E+05
2919.0  0.354133E+05
2920.0  0.361578E+05
2921.0  0.373204E+05
2922.0  0.394653E+05
2923.0  0.431165E+05
2924.0  0.489975E+05
2925.0  0.620362E+05
2926.0  0.872719E+05
2927.0  0.127087E+06
2928.0  0.183436E+06
2929.0  0.263188E+06
2930.0  0.385152E+06
2931.0  0.584014E+06
2932.0  0.856240E+06
2933.0  0.115886E+07
2934.0  0.123644E+07
2935.0  0.116922E+07
2936.0  0.975481E+06
2937.0  0.677474E+06
2938.0  0.354462E+06
2939.0  0.163456E+06
2940.0  0.693539E+05
2941.0  0.424643E+05
2942.0  0.381332E+05
2943.0  0.367038E+05
2944.0  0.359397E+05
2945.0  0.354249E+05
2946.0  0.350313E+05
2947.0  0.348507E+05
2948.0  0.349280E+05
2949.0  0.352702E+05
2950.0  0.359386E+05
2951.0  0.372513E+05
2952.0  0.398875E+05
2953.0  0.439655E+05
2954.0  0.498363E+05
2955.0  0.579546E+05
2956.0  0.717926E+05
2957.0  0.895251E+05
2958.0  0.109749E+06
2959.0  0.130348E+06
2960.0  0.144769E+06
2961.0  0.141310E+06
2962.0  0.126847E+06
2963.0  0.104632E+06
2964.0  0.778906E+05
2965.0  0.562422E+05
2966.0  0.431295E+05
2967.0  0.366646E+05
2968.0  0.345532E+05
2969.0  0.340852E+05
2970.0  0.338879E+05
2971.0  0.337625E+05
2972.0  0.336309E+05
2973.0  0.334547E+05
2974.0  0.335110E+05
2975.0  0.335794E+05
2976.0  0.336008E+05
2977.0  0.335505E+05
2978.0  0.335816E+05
2979.0  0.335227E+05
2980.0  0.335519E+05
2981.0  0.337184E+05
2982.0  0.339856E+05
2983.0  0.342803E+05
2984.0  0.349596E+05
2985.0  0.358022E+05
2986.0  0.365892E+05
2987.0  0.378020E+05
2988.0  0.398594E+05
2989.0  0.423635E+05
2990.0  0.446773E+05
2991.0  0.454506E+05
2992.0  0.445308E+05
2993.0  0.425575E+05
2994.0  0.397450E+05
2995.0  0.364361E+05
2996.0  0.345587E+05
2997.0  0.337941E+05
2998.0  0.335619E+05
2999.0  0.335574E+05
3000.0  0.335838E+05
3001.0  0.335346E+05
3002.0  0.334359E+05
3003.0  0.333674E+05
3004.0  0.334125E+05
3005.0  0.336046E+05
3006.0  0.334324E+05
3007.0  0.333489E+05
3008.0  0.334679E+05
3009.0  0.335807E+05
3010.0  0.336228E+05
3011.0  0.337280E+05
3012.0  0.338300E+05
3013.0  0.338470E+05
3014.0  0.338143E+05
3015.0  0.337634E+05
3016.0  0.336767E+05
3017.0  0.336465E+05
3018.0  0.339524E+05
3019.0  0.345435E+05
3020.0  0.350617E+05
3021.0  0.352712E+05
3022.0  0.350086E+05
3023.0  0.346287E+05
3024.0  0.339779E+05
3025.0  0.334007E+05
3026.0  0.330245E+05
3027.0  0.328423E+05
3028.0  0.326920E+05
3029.0  0.328280E+05
3030.0  0.330308E+05
3031.0  0.330988E+05
3032.0  0.333551E+05
3033.0  0.335325E+05
3034.0  0.335577E+05
3035.0  0.334323E+05
3036.0  0.332212E+05
3037.0  0.331620E+05
3038.0  0.331916E+05
3039.0  0.333908E+05
3040.0  0.338476E+05
3041.0  0.347448E+05
3042.0  0.366974E+05
3043.0  0.399868E+05
3044.0  0.446965E+05
3045.0  0.507775E+05
3046.0  0.605109E+05
3047.0  0.764362E+05
3048.0  0.979875E+05
3049.0  0.121845E+06
3050.0  0.131599E+06
3051.0  0.126514E+06
3052.0  0.111192E+06
3053.0  0.882667E+05
3054.0  0.607879E+05
3055.0  0.449913E+05
3056.0  0.373056E+05
3057.0  0.345604E+05
3058.0  0.341776E+05
3059.0  0.346582E+05
3060.0  0.356225E+05
3061.0  0.367584E+05
3062.0  0.376242E+05
3063.0  0.376874E+05
3064.0  0.370224E+05
3065.0  0.362647E+05
3066.0  0.352673E+05
