  0.229000E+03     0.157455E+06
  0.230000E+03     0.157510E+06
  0.231000E+03     0.157704E+06
  0.232000E+03     0.157964E+06
  0.233000E+03     0.157946E+06
  0.234000E+03     0.158180E+06
  0.235000E+03     0.158570E+06
  0.236000E+03     0.158684E+06
  0.237000E+03     0.158688E+06
  0.238000E+03     0.158638E+06
  0.239000E+03     0.159006E+06
  0.240000E+03     0.159220E+06
  0.241000E+03     0.159306E+06
  0.242000E+03     0.159267E+06
  0.243000E+03     0.159296E+06
  0.244000E+03     0.159380E+06
  0.245000E+03     0.159409E+06
  0.246000E+03     0.159455E+06
  0.247000E+03     0.159517E+06
  0.248000E+03     0.159622E+06
  0.249000E+03     0.159617E+06
  0.250000E+03     0.159509E+06
  0.251000E+03     0.159334E+06
  0.252000E+03     0.159189E+06
  0.253000E+03     0.159072E+06
  0.254000E+03     0.159117E+06
  0.255000E+03     0.159180E+06
  0.256000E+03     0.159261E+06
  0.257000E+03     0.159054E+06
  0.258000E+03     0.159039E+06
  0.259000E+03     0.159234E+06
  0.260000E+03     0.159111E+06
  0.261000E+03     0.158921E+06
  0.262000E+03     0.158664E+06
  0.263000E+03     0.158804E+06
  0.264000E+03     0.158905E+06
  0.265000E+03     0.158947E+06
  0.266000E+03     0.159064E+06
  0.267000E+03     0.159111E+06
  0.268000E+03     0.159069E+06
  0.269000E+03     0.159080E+06
  0.270000E+03     0.159091E+06
  0.271000E+03     0.159097E+06
  0.272000E+03     0.158845E+06
  0.273000E+03     0.158664E+06
  0.274000E+03     0.158596E+06
  0.275000E+03     0.158658E+06
  0.276000E+03     0.158749E+06
  0.277000E+03     0.158867E+06
  0.278000E+03     0.158729E+06
  0.279000E+03     0.158678E+06
  0.280000E+03     0.158773E+06
  0.281000E+03     0.159160E+06
  0.282000E+03     0.159599E+06
  0.283000E+03     0.160075E+06
  0.284000E+03     0.159454E+06
  0.285000E+03     0.158855E+06
  0.286000E+03     0.158438E+06
  0.287000E+03     0.158055E+06
  0.288000E+03     0.157798E+06
  0.289000E+03     0.157722E+06
  0.290000E+03     0.157696E+06
  0.291000E+03     0.157654E+06
  0.292000E+03     0.157580E+06
  0.293000E+03     0.157363E+06
  0.294000E+03     0.157131E+06
  0.295000E+03     0.156900E+06
  0.296000E+03     0.156880E+06
  0.297000E+03     0.156940E+06
  0.298000E+03     0.157083E+06
  0.299000E+03     0.157000E+06
  0.300000E+03     0.156940E+06
  0.301000E+03     0.156963E+06
  0.302000E+03     0.156722E+06
  0.303000E+03     0.156597E+06
  0.304000E+03     0.156715E+06
  0.305000E+03     0.156676E+06
  0.306000E+03     0.156646E+06
  0.307000E+03     0.156667E+06
  0.308000E+03     0.156666E+06
  0.309000E+03     0.156723E+06
  0.310000E+03     0.156881E+06
  0.311000E+03     0.156769E+06
  0.312000E+03     0.156694E+06
  0.313000E+03     0.156740E+06
  0.314000E+03     0.156811E+06
  0.315000E+03     0.156907E+06
  0.316000E+03     0.157042E+06
  0.317000E+03     0.157173E+06
  0.318000E+03     0.157322E+06
  0.319000E+03     0.157506E+06
  0.320000E+03     0.157604E+06
  0.321000E+03     0.157540E+06
  0.322000E+03     0.157228E+06
  0.323000E+03     0.157212E+06
  0.324000E+03     0.157214E+06
  0.325000E+03     0.157172E+06
  0.326000E+03     0.157244E+06
  0.327000E+03     0.157290E+06
  0.328000E+03     0.157262E+06
  0.329000E+03     0.157316E+06
  0.330000E+03     0.157373E+06
  0.331000E+03     0.157415E+06
  0.332000E+03     0.157669E+06
  0.333000E+03     0.157804E+06
  0.334000E+03     0.157694E+06
  0.335000E+03     0.157612E+06
  0.336000E+03     0.157625E+06
  0.337000E+03     0.157785E+06
  0.338000E+03     0.157961E+06
  0.339000E+03     0.158121E+06
  0.340000E+03     0.158249E+06
  0.341000E+03     0.158341E+06
  0.342000E+03     0.158448E+06
  0.343000E+03     0.158589E+06
  0.344000E+03     0.158904E+06
  0.345000E+03     0.159252E+06
  0.346000E+03     0.159615E+06
  0.347000E+03     0.159896E+06
  0.348000E+03     0.160129E+06
  0.349000E+03     0.160304E+06
  0.350000E+03     0.160753E+06
  0.351000E+03     0.161249E+06
  0.352000E+03     0.161765E+06
  0.353000E+03     0.162160E+06
  0.354000E+03     0.162654E+06
  0.355000E+03     0.163314E+06
  0.356000E+03     0.164089E+06
  0.357000E+03     0.164910E+06
  0.358000E+03     0.165782E+06
  0.359000E+03     0.166339E+06
  0.360000E+03     0.167090E+06
  0.361000E+03     0.168162E+06
  0.362000E+03     0.169408E+06
  0.363000E+03     0.170641E+06
  0.364000E+03     0.171835E+06
  0.365000E+03     0.173492E+06
  0.366000E+03     0.175509E+06
  0.367000E+03     0.177959E+06
  0.368000E+03     0.180816E+06
  0.369000E+03     0.184020E+06
  0.370000E+03     0.187636E+06
  0.371000E+03     0.192160E+06
  0.372000E+03     0.197315E+06
  0.373000E+03     0.203190E+06
  0.374000E+03     0.210833E+06
  0.375000E+03     0.219213E+06
  0.376000E+03     0.228370E+06
  0.377000E+03     0.239413E+06
  0.378000E+03     0.251666E+06
  0.379000E+03     0.265233E+06
  0.380000E+03     0.278404E+06
  0.381000E+03     0.290698E+06
  0.382000E+03     0.302017E+06
  0.383000E+03     0.308356E+06
  0.384000E+03     0.311003E+06
  0.385000E+03     0.309788E+06
  0.386000E+03     0.302301E+06
  0.387000E+03     0.291754E+06
  0.388000E+03     0.278126E+06
  0.389000E+03     0.262781E+06
  0.390000E+03     0.247614E+06
  0.391000E+03     0.232654E+06
  0.392000E+03     0.221030E+06
  0.393000E+03     0.211117E+06
  0.394000E+03     0.202887E+06
  0.395000E+03     0.197656E+06
  0.396000E+03     0.193114E+06
  0.397000E+03     0.189243E+06
  0.398000E+03     0.186883E+06
  0.399000E+03     0.184904E+06
  0.400000E+03     0.183272E+06
  0.401000E+03     0.182046E+06
  0.402000E+03     0.181197E+06
  0.403000E+03     0.180664E+06
  0.404000E+03     0.180287E+06
  0.405000E+03     0.180287E+06
  0.406000E+03     0.180584E+06
  0.407000E+03     0.180926E+06
  0.408000E+03     0.181724E+06
  0.409000E+03     0.182869E+06
  0.410000E+03     0.184176E+06
  0.411000E+03     0.185729E+06
  0.412000E+03     0.187576E+06
  0.413000E+03     0.190557E+06
  0.414000E+03     0.193939E+06
  0.415000E+03     0.197729E+06
  0.416000E+03     0.202664E+06
  0.417000E+03     0.208589E+06
  0.418000E+03     0.215424E+06
  0.419000E+03     0.224319E+06
  0.420000E+03     0.234641E+06
  0.421000E+03     0.246024E+06
  0.422000E+03     0.258876E+06
  0.423000E+03     0.270525E+06
  0.424000E+03     0.281095E+06
  0.425000E+03     0.289379E+06
  0.426000E+03     0.294190E+06
  0.427000E+03     0.296156E+06
  0.428000E+03     0.292902E+06
  0.429000E+03     0.286150E+06
  0.430000E+03     0.277145E+06
  0.431000E+03     0.265412E+06
  0.432000E+03     0.252945E+06
  0.433000E+03     0.240650E+06
  0.434000E+03     0.230099E+06
  0.435000E+03     0.220829E+06
  0.436000E+03     0.212455E+06
  0.437000E+03     0.205420E+06
  0.438000E+03     0.199922E+06
  0.439000E+03     0.195245E+06
  0.440000E+03     0.191422E+06
  0.441000E+03     0.188373E+06
  0.442000E+03     0.185604E+06
  0.443000E+03     0.182943E+06
  0.444000E+03     0.181170E+06
  0.445000E+03     0.179607E+06
  0.446000E+03     0.177956E+06
  0.447000E+03     0.176677E+06
  0.448000E+03     0.175537E+06
  0.449000E+03     0.174502E+06
  0.450000E+03     0.173688E+06
  0.451000E+03     0.172933E+06
  0.452000E+03     0.172205E+06
  0.453000E+03     0.171596E+06
  0.454000E+03     0.170994E+06
  0.455000E+03     0.170367E+06
  0.456000E+03     0.170106E+06
  0.457000E+03     0.169933E+06
  0.458000E+03     0.169812E+06
  0.459000E+03     0.169576E+06
  0.460000E+03     0.169490E+06
  0.461000E+03     0.169651E+06
  0.462000E+03     0.169743E+06
  0.463000E+03     0.169976E+06
  0.464000E+03     0.170409E+06
  0.465000E+03     0.171074E+06
  0.466000E+03     0.171679E+06
  0.467000E+03     0.172189E+06
  0.468000E+03     0.172883E+06
  0.469000E+03     0.173773E+06
  0.470000E+03     0.174876E+06
  0.471000E+03     0.175661E+06
  0.472000E+03     0.176535E+06
  0.473000E+03     0.177505E+06
  0.474000E+03     0.178592E+06
  0.475000E+03     0.179472E+06
  0.476000E+03     0.180160E+06
  0.477000E+03     0.180806E+06
  0.478000E+03     0.180692E+06
  0.479000E+03     0.179956E+06
  0.480000E+03     0.179402E+06
  0.481000E+03     0.178571E+06
  0.482000E+03     0.177481E+06
  0.483000E+03     0.175836E+06
  0.484000E+03     0.174344E+06
  0.485000E+03     0.172975E+06
  0.486000E+03     0.171773E+06
  0.487000E+03     0.170460E+06
  0.488000E+03     0.169091E+06
  0.489000E+03     0.167779E+06
  0.490000E+03     0.166789E+06
  0.491000E+03     0.165988E+06
  0.492000E+03     0.165270E+06
  0.493000E+03     0.164672E+06
  0.494000E+03     0.164125E+06
  0.495000E+03     0.163553E+06
  0.496000E+03     0.163262E+06
  0.497000E+03     0.163020E+06
  0.498000E+03     0.162548E+06
  0.499000E+03     0.162190E+06
  0.500000E+03     0.161848E+06
  0.501000E+03     0.161433E+06
  0.502000E+03     0.161252E+06
  0.503000E+03     0.161151E+06
  0.504000E+03     0.161071E+06
  0.505000E+03     0.161062E+06
  0.506000E+03     0.161039E+06
  0.507000E+03     0.160941E+06
  0.508000E+03     0.161157E+06
  0.509000E+03     0.161385E+06
  0.510000E+03     0.161509E+06
  0.511000E+03     0.161567E+06
  0.512000E+03     0.161751E+06
  0.513000E+03     0.162166E+06
  0.514000E+03     0.162246E+06
  0.515000E+03     0.162353E+06
  0.516000E+03     0.162560E+06
  0.517000E+03     0.162824E+06
  0.518000E+03     0.163180E+06
  0.519000E+03     0.163649E+06
  0.520000E+03     0.163919E+06
  0.521000E+03     0.164159E+06
  0.522000E+03     0.164378E+06
  0.523000E+03     0.164538E+06
  0.524000E+03     0.164652E+06
  0.525000E+03     0.164714E+06
  0.526000E+03     0.164456E+06
  0.527000E+03     0.164239E+06
  0.528000E+03     0.164058E+06
  0.529000E+03     0.163898E+06
  0.530000E+03     0.163546E+06
  0.531000E+03     0.163068E+06
  0.532000E+03     0.162777E+06
  0.533000E+03     0.162390E+06
  0.534000E+03     0.161929E+06
  0.535000E+03     0.161391E+06
  0.536000E+03     0.160998E+06
  0.537000E+03     0.160720E+06
  0.538000E+03     0.160620E+06
  0.539000E+03     0.160573E+06
  0.540000E+03     0.160441E+06
  0.541000E+03     0.159850E+06
  0.542000E+03     0.159618E+06
  0.543000E+03     0.159516E+06
  0.544000E+03     0.159362E+06
  0.545000E+03     0.159355E+06
  0.546000E+03     0.159320E+06
  0.547000E+03     0.159070E+06
  0.548000E+03     0.158930E+06
  0.549000E+03     0.158816E+06
  0.550000E+03     0.158695E+06
  0.551000E+03     0.158477E+06
  0.552000E+03     0.158335E+06
  0.553000E+03     0.158382E+06
  0.554000E+03     0.158366E+06
  0.555000E+03     0.158246E+06
  0.556000E+03     0.157973E+06
  0.557000E+03     0.157838E+06
  0.558000E+03     0.157749E+06
  0.559000E+03     0.157703E+06
  0.560000E+03     0.157603E+06
  0.561000E+03     0.157456E+06
  0.562000E+03     0.157258E+06
  0.563000E+03     0.157001E+06
  0.564000E+03     0.156843E+06
  0.565000E+03     0.156787E+06
  0.566000E+03     0.156672E+06
  0.567000E+03     0.156639E+06
  0.568000E+03     0.156656E+06
  0.569000E+03     0.156332E+06
  0.570000E+03     0.156153E+06
  0.571000E+03     0.156072E+06
  0.572000E+03     0.155912E+06
  0.573000E+03     0.155847E+06
  0.574000E+03     0.155851E+06
  0.575000E+03     0.155925E+06
  0.576000E+03     0.155729E+06
  0.577000E+03     0.155435E+06
  0.578000E+03     0.155336E+06
  0.579000E+03     0.155495E+06
  0.580000E+03     0.155696E+06
  0.581000E+03     0.155652E+06
  0.582000E+03     0.155635E+06
  0.583000E+03     0.155661E+06
  0.584000E+03     0.155773E+06
  0.585000E+03     0.155790E+06
  0.586000E+03     0.155686E+06
  0.587000E+03     0.155368E+06
  0.588000E+03     0.155306E+06
  0.589000E+03     0.155324E+06
  0.590000E+03     0.155394E+06
  0.591000E+03     0.155405E+06
  0.592000E+03     0.155356E+06
  0.593000E+03     0.155227E+06
  0.594000E+03     0.155330E+06
  0.595000E+03     0.155311E+06
  0.596000E+03     0.155108E+06
  0.597000E+03     0.155426E+06
  0.598000E+03     0.155663E+06
  0.599000E+03     0.155792E+06
  0.600000E+03     0.155869E+06
  0.601000E+03     0.155914E+06
  0.602000E+03     0.155933E+06
  0.603000E+03     0.156000E+06
  0.604000E+03     0.155990E+06
  0.605000E+03     0.155918E+06
  0.606000E+03     0.155804E+06
  0.607000E+03     0.155652E+06
  0.608000E+03     0.155529E+06
  0.609000E+03     0.155703E+06
  0.610000E+03     0.155706E+06
  0.611000E+03     0.155627E+06
  0.612000E+03     0.155567E+06
  0.613000E+03     0.155715E+06
  0.614000E+03     0.155919E+06
  0.615000E+03     0.156042E+06
  0.616000E+03     0.156258E+06
  0.617000E+03     0.156486E+06
  0.618000E+03     0.156672E+06
  0.619000E+03     0.156803E+06
  0.620000E+03     0.156962E+06
  0.621000E+03     0.157201E+06
  0.622000E+03     0.157269E+06
  0.623000E+03     0.157262E+06
  0.624000E+03     0.157180E+06
  0.625000E+03     0.157054E+06
  0.626000E+03     0.156944E+06
  0.627000E+03     0.156862E+06
  0.628000E+03     0.156609E+06
  0.629000E+03     0.156354E+06
  0.630000E+03     0.156105E+06
  0.631000E+03     0.156037E+06
  0.632000E+03     0.155908E+06
  0.633000E+03     0.155727E+06
  0.634000E+03     0.155557E+06
  0.635000E+03     0.155540E+06
  0.636000E+03     0.155623E+06
  0.637000E+03     0.155646E+06
  0.638000E+03     0.155575E+06
  0.639000E+03     0.155477E+06
  0.640000E+03     0.155508E+06
  0.641000E+03     0.155387E+06
  0.642000E+03     0.155232E+06
  0.643000E+03     0.155194E+06
  0.644000E+03     0.155089E+06
  0.645000E+03     0.154987E+06
  0.646000E+03     0.154952E+06
  0.647000E+03     0.154927E+06
  0.648000E+03     0.154979E+06
  0.649000E+03     0.155186E+06
  0.650000E+03     0.155227E+06
  0.651000E+03     0.155161E+06
  0.652000E+03     0.154965E+06
  0.653000E+03     0.154837E+06
  0.654000E+03     0.154801E+06
  0.655000E+03     0.154876E+06
  0.656000E+03     0.154888E+06
  0.657000E+03     0.154857E+06
  0.658000E+03     0.154790E+06
  0.659000E+03     0.155030E+06
  0.660000E+03     0.154997E+06
  0.661000E+03     0.154758E+06
  0.662000E+03     0.154793E+06
  0.663000E+03     0.154955E+06
  0.664000E+03     0.155174E+06
  0.665000E+03     0.155199E+06
  0.666000E+03     0.155164E+06
  0.667000E+03     0.155119E+06
  0.668000E+03     0.155162E+06
  0.669000E+03     0.155044E+06
  0.670000E+03     0.154923E+06
  0.671000E+03     0.154992E+06
  0.672000E+03     0.155012E+06
  0.673000E+03     0.155037E+06
  0.674000E+03     0.155111E+06
  0.675000E+03     0.154929E+06
  0.676000E+03     0.154759E+06
  0.677000E+03     0.154705E+06
  0.678000E+03     0.154807E+06
  0.679000E+03     0.154949E+06
  0.680000E+03     0.155119E+06
  0.681000E+03     0.155059E+06
  0.682000E+03     0.154928E+06
  0.683000E+03     0.154732E+06
  0.684000E+03     0.154826E+06
  0.685000E+03     0.154829E+06
  0.686000E+03     0.154773E+06
  0.687000E+03     0.154975E+06
  0.688000E+03     0.155105E+06
  0.689000E+03     0.155154E+06
  0.690000E+03     0.154964E+06
  0.691000E+03     0.155036E+06
  0.692000E+03     0.155218E+06
  0.693000E+03     0.155280E+06
  0.694000E+03     0.155346E+06
  0.695000E+03     0.155390E+06
  0.696000E+03     0.155365E+06
  0.697000E+03     0.155395E+06
  0.698000E+03     0.155463E+06
  0.699000E+03     0.155585E+06
  0.700000E+03     0.155699E+06
  0.701000E+03     0.155806E+06
  0.702000E+03     0.155903E+06
  0.703000E+03     0.155904E+06
  0.704000E+03     0.156054E+06
  0.705000E+03     0.156413E+06
  0.706000E+03     0.156400E+06
  0.707000E+03     0.156553E+06
  0.708000E+03     0.156880E+06
  0.709000E+03     0.156901E+06
  0.710000E+03     0.156979E+06
  0.711000E+03     0.157115E+06
  0.712000E+03     0.157384E+06
  0.713000E+03     0.157569E+06
  0.714000E+03     0.157725E+06
  0.715000E+03     0.157997E+06
  0.716000E+03     0.158123E+06
  0.717000E+03     0.158237E+06
  0.718000E+03     0.158544E+06
  0.719000E+03     0.158887E+06
  0.720000E+03     0.159190E+06
  0.721000E+03     0.159361E+06
  0.722000E+03     0.159595E+06
  0.723000E+03     0.159893E+06
  0.724000E+03     0.160284E+06
  0.725000E+03     0.160573E+06
  0.726000E+03     0.160858E+06
  0.727000E+03     0.161157E+06
  0.728000E+03     0.161430E+06
  0.729000E+03     0.161926E+06
  0.730000E+03     0.162653E+06
  0.731000E+03     0.162758E+06
  0.732000E+03     0.162960E+06
  0.733000E+03     0.163265E+06
  0.734000E+03     0.163834E+06
  0.735000E+03     0.164267E+06
  0.736000E+03     0.164655E+06
  0.737000E+03     0.165268E+06
  0.738000E+03     0.165638E+06
  0.739000E+03     0.165950E+06
  0.740000E+03     0.166457E+06
  0.741000E+03     0.167268E+06
  0.742000E+03     0.168111E+06
  0.743000E+03     0.168788E+06
  0.744000E+03     0.169725E+06
  0.745000E+03     0.170562E+06
  0.746000E+03     0.171118E+06
  0.747000E+03     0.172081E+06
  0.748000E+03     0.173197E+06
  0.749000E+03     0.174453E+06
  0.750000E+03     0.175467E+06
  0.751000E+03     0.176617E+06
  0.752000E+03     0.177928E+06
  0.753000E+03     0.179634E+06
  0.754000E+03     0.181279E+06
  0.755000E+03     0.182856E+06
  0.756000E+03     0.184246E+06
  0.757000E+03     0.185958E+06
  0.758000E+03     0.187854E+06
  0.759000E+03     0.189758E+06
  0.760000E+03     0.191910E+06
  0.761000E+03     0.194161E+06
  0.762000E+03     0.196405E+06
  0.763000E+03     0.198692E+06
  0.764000E+03     0.200860E+06
  0.765000E+03     0.202756E+06
  0.766000E+03     0.205462E+06
  0.767000E+03     0.208153E+06
  0.768000E+03     0.210609E+06
  0.769000E+03     0.212859E+06
  0.770000E+03     0.215308E+06
  0.771000E+03     0.218003E+06
  0.772000E+03     0.221101E+06
  0.773000E+03     0.224532E+06
  0.774000E+03     0.228261E+06
  0.775000E+03     0.232134E+06
  0.776000E+03     0.236665E+06
  0.777000E+03     0.241791E+06
  0.778000E+03     0.247938E+06
  0.779000E+03     0.254674E+06
  0.780000E+03     0.262111E+06
  0.781000E+03     0.271025E+06
  0.782000E+03     0.280736E+06
  0.783000E+03     0.290943E+06
  0.784000E+03     0.301731E+06
  0.785000E+03     0.312881E+06
  0.786000E+03     0.325030E+06
  0.787000E+03     0.338704E+06
  0.788000E+03     0.355047E+06
  0.789000E+03     0.375456E+06
  0.790000E+03     0.400441E+06
  0.791000E+03     0.442413E+06
  0.792000E+03     0.501975E+06
  0.793000E+03     0.580467E+06
  0.794000E+03     0.705664E+06
  0.795000E+03     0.892735E+06
  0.796000E+03     0.115204E+07
  0.797000E+03     0.159827E+07
  0.798000E+03     0.221739E+07
  0.799000E+03     0.290352E+07
  0.800000E+03     0.355042E+07
  0.801000E+03     0.394348E+07
  0.802000E+03     0.416154E+07
  0.803000E+03     0.415790E+07
  0.804000E+03     0.388380E+07
  0.805000E+03     0.342217E+07
  0.806000E+03     0.273989E+07
  0.807000E+03     0.199276E+07
  0.808000E+03     0.137147E+07
  0.809000E+03     0.902611E+06
  0.810000E+03     0.686998E+06
  0.811000E+03     0.536272E+06
  0.812000E+03     0.443852E+06
  0.813000E+03     0.394579E+06
  0.814000E+03     0.357514E+06
  0.815000E+03     0.329260E+06
  0.816000E+03     0.308488E+06
  0.817000E+03     0.292072E+06
  0.818000E+03     0.278244E+06
  0.819000E+03     0.266776E+06
  0.820000E+03     0.257136E+06
  0.821000E+03     0.248671E+06
  0.822000E+03     0.241599E+06
  0.823000E+03     0.235632E+06
  0.824000E+03     0.229977E+06
  0.825000E+03     0.224532E+06
  0.826000E+03     0.220480E+06
  0.827000E+03     0.216838E+06
  0.828000E+03     0.213575E+06
  0.829000E+03     0.211122E+06
  0.830000E+03     0.208087E+06
  0.831000E+03     0.204754E+06
  0.832000E+03     0.202372E+06
  0.833000E+03     0.200161E+06
  0.834000E+03     0.198142E+06
  0.835000E+03     0.196538E+06
  0.836000E+03     0.195283E+06
  0.837000E+03     0.194027E+06
  0.838000E+03     0.192469E+06
  0.839000E+03     0.191486E+06
  0.840000E+03     0.190558E+06
  0.841000E+03     0.189524E+06
  0.842000E+03     0.189059E+06
  0.843000E+03     0.188674E+06
  0.844000E+03     0.188323E+06
  0.845000E+03     0.188571E+06
  0.846000E+03     0.188550E+06
  0.847000E+03     0.188360E+06
  0.848000E+03     0.188794E+06
  0.849000E+03     0.189347E+06
  0.850000E+03     0.189974E+06
  0.851000E+03     0.190617E+06
  0.852000E+03     0.190886E+06
  0.853000E+03     0.190794E+06
  0.854000E+03     0.190100E+06
  0.855000E+03     0.188985E+06
  0.856000E+03     0.187566E+06
  0.857000E+03     0.185769E+06
  0.858000E+03     0.184189E+06
  0.859000E+03     0.182580E+06
  0.860000E+03     0.180899E+06
  0.861000E+03     0.179314E+06
  0.862000E+03     0.178159E+06
  0.863000E+03     0.177374E+06
  0.864000E+03     0.176287E+06
  0.865000E+03     0.175708E+06
  0.866000E+03     0.175418E+06
  0.867000E+03     0.174960E+06
  0.868000E+03     0.174437E+06
  0.869000E+03     0.173926E+06
  0.870000E+03     0.173535E+06
  0.871000E+03     0.173323E+06
  0.872000E+03     0.173084E+06
  0.873000E+03     0.172696E+06
  0.874000E+03     0.172441E+06
  0.875000E+03     0.172229E+06
  0.876000E+03     0.172052E+06
  0.877000E+03     0.171832E+06
  0.878000E+03     0.171591E+06
  0.879000E+03     0.171353E+06
  0.880000E+03     0.171424E+06
  0.881000E+03     0.171472E+06
  0.882000E+03     0.171496E+06
  0.883000E+03     0.171467E+06
  0.884000E+03     0.171672E+06
  0.885000E+03     0.171943E+06
  0.886000E+03     0.172115E+06
  0.887000E+03     0.172244E+06
  0.888000E+03     0.172462E+06
  0.889000E+03     0.172871E+06
  0.890000E+03     0.173178E+06
  0.891000E+03     0.173706E+06
  0.892000E+03     0.174536E+06
  0.893000E+03     0.174940E+06
  0.894000E+03     0.175475E+06
  0.895000E+03     0.176119E+06
  0.896000E+03     0.176565E+06
  0.897000E+03     0.177129E+06
  0.898000E+03     0.177798E+06
  0.899000E+03     0.178624E+06
  0.900000E+03     0.179348E+06
  0.901000E+03     0.180085E+06
  0.902000E+03     0.180971E+06
  0.903000E+03     0.181583E+06
  0.904000E+03     0.182112E+06
  0.905000E+03     0.182606E+06
  0.906000E+03     0.182184E+06
  0.907000E+03     0.181603E+06
  0.908000E+03     0.180944E+06
  0.909000E+03     0.180348E+06
  0.910000E+03     0.179729E+06
  0.911000E+03     0.179097E+06
  0.912000E+03     0.178517E+06
  0.913000E+03     0.177778E+06
  0.914000E+03     0.177056E+06
  0.915000E+03     0.176752E+06
  0.916000E+03     0.176151E+06
  0.917000E+03     0.175543E+06
  0.918000E+03     0.175164E+06
  0.919000E+03     0.174857E+06
  0.920000E+03     0.174534E+06
  0.921000E+03     0.174167E+06
  0.922000E+03     0.173830E+06
  0.923000E+03     0.173499E+06
  0.924000E+03     0.173181E+06
  0.925000E+03     0.173006E+06
  0.926000E+03     0.172717E+06
  0.927000E+03     0.172328E+06
  0.928000E+03     0.171824E+06
  0.929000E+03     0.171379E+06
  0.930000E+03     0.170992E+06
  0.931000E+03     0.170699E+06
  0.932000E+03     0.170518E+06
  0.933000E+03     0.170318E+06
  0.934000E+03     0.170024E+06
  0.935000E+03     0.170158E+06
  0.936000E+03     0.170218E+06
  0.937000E+03     0.170119E+06
  0.938000E+03     0.169690E+06
  0.939000E+03     0.169576E+06
  0.940000E+03     0.169693E+06
  0.941000E+03     0.169443E+06
  0.942000E+03     0.169642E+06
  0.943000E+03     0.169980E+06
  0.944000E+03     0.169865E+06
  0.945000E+03     0.169838E+06
  0.946000E+03     0.169861E+06
  0.947000E+03     0.169932E+06
  0.948000E+03     0.169954E+06
  0.949000E+03     0.170035E+06
  0.950000E+03     0.170219E+06
  0.951000E+03     0.170412E+06
  0.952000E+03     0.170595E+06
  0.953000E+03     0.170762E+06
  0.954000E+03     0.170809E+06
  0.955000E+03     0.171053E+06
  0.956000E+03     0.171447E+06
  0.957000E+03     0.171960E+06
  0.958000E+03     0.172300E+06
  0.959000E+03     0.172655E+06
  0.960000E+03     0.173245E+06
  0.961000E+03     0.173763E+06
  0.962000E+03     0.174277E+06
  0.963000E+03     0.174813E+06
  0.964000E+03     0.175451E+06
  0.965000E+03     0.176029E+06
  0.966000E+03     0.176538E+06
  0.967000E+03     0.177349E+06
  0.968000E+03     0.177965E+06
  0.969000E+03     0.178515E+06
  0.970000E+03     0.179564E+06
  0.971000E+03     0.180431E+06
  0.972000E+03     0.181333E+06
  0.973000E+03     0.182608E+06
  0.974000E+03     0.183660E+06
  0.975000E+03     0.184616E+06
  0.976000E+03     0.185500E+06
  0.977000E+03     0.187051E+06
  0.978000E+03     0.188639E+06
  0.979000E+03     0.190176E+06
  0.980000E+03     0.191301E+06
  0.981000E+03     0.193139E+06
  0.982000E+03     0.195513E+06
  0.983000E+03     0.197714E+06
  0.984000E+03     0.199860E+06
  0.985000E+03     0.202119E+06
  0.986000E+03     0.204866E+06
  0.987000E+03     0.207600E+06
  0.988000E+03     0.210396E+06
  0.989000E+03     0.213326E+06
  0.990000E+03     0.216458E+06
  0.991000E+03     0.220071E+06
  0.992000E+03     0.224258E+06
  0.993000E+03     0.228226E+06
  0.994000E+03     0.232608E+06
  0.995000E+03     0.237416E+06
  0.996000E+03     0.242955E+06
  0.997000E+03     0.249035E+06
  0.998000E+03     0.255383E+06
  0.999000E+03     0.261707E+06
  0.100000E+04     0.269106E+06
  0.100100E+04     0.277074E+06
  0.100200E+04     0.285564E+06
  0.100300E+04     0.295180E+06
  0.100400E+04     0.305900E+06
  0.100500E+04     0.317832E+06
  0.100600E+04     0.331294E+06
  0.100700E+04     0.345839E+06
  0.100800E+04     0.361569E+06
  0.100900E+04     0.379856E+06
  0.101000E+04     0.400656E+06
  0.101100E+04     0.423796E+06
  0.101200E+04     0.450710E+06
  0.101300E+04     0.482162E+06
  0.101400E+04     0.517201E+06
  0.101500E+04     0.556780E+06
  0.101600E+04     0.604052E+06
  0.101700E+04     0.657843E+06
  0.101800E+04     0.718580E+06
  0.101900E+04     0.793846E+06
  0.102000E+04     0.877891E+06
  0.102100E+04     0.970912E+06
  0.102200E+04     0.107982E+07
  0.102300E+04     0.119953E+07
  0.102400E+04     0.132523E+07
  0.102500E+04     0.145391E+07
  0.102600E+04     0.156841E+07
  0.102700E+04     0.166587E+07
  0.102800E+04     0.173880E+07
  0.102900E+04     0.176091E+07
  0.103000E+04     0.175154E+07
  0.103100E+04     0.171071E+07
  0.103200E+04     0.161873E+07
  0.103300E+04     0.150896E+07
  0.103400E+04     0.138552E+07
  0.103500E+04     0.125576E+07
  0.103600E+04     0.113348E+07
  0.103700E+04     0.101875E+07
  0.103800E+04     0.916490E+06
  0.103900E+04     0.830648E+06
  0.104000E+04     0.754497E+06
  0.104100E+04     0.688320E+06
  0.104200E+04     0.634927E+06
  0.104300E+04     0.587617E+06
  0.104400E+04     0.546061E+06
  0.104500E+04     0.512124E+06
  0.104600E+04     0.481780E+06
  0.104700E+04     0.454510E+06
  0.104800E+04     0.431160E+06
  0.104900E+04     0.411092E+06
  0.105000E+04     0.392616E+06
  0.105100E+04     0.375117E+06
  0.105200E+04     0.360765E+06
  0.105300E+04     0.347310E+06
  0.105400E+04     0.334369E+06
  0.105500E+04     0.323106E+06
  0.105600E+04     0.312642E+06
  0.105700E+04     0.302995E+06
  0.105800E+04     0.294885E+06
  0.105900E+04     0.286815E+06
  0.106000E+04     0.279024E+06
  0.106100E+04     0.272164E+06
  0.106200E+04     0.265791E+06
  0.106300E+04     0.259963E+06
  0.106400E+04     0.254930E+06
  0.106500E+04     0.250170E+06
  0.106600E+04     0.245565E+06
  0.106700E+04     0.241107E+06
  0.106800E+04     0.236783E+06
  0.106900E+04     0.233220E+06
  0.107000E+04     0.230154E+06
  0.107100E+04     0.226793E+06
  0.107200E+04     0.224022E+06
  0.107300E+04     0.221529E+06
  0.107400E+04     0.219118E+06
  0.107500E+04     0.217137E+06
  0.107600E+04     0.215322E+06
  0.107700E+04     0.213628E+06
  0.107800E+04     0.211758E+06
  0.107900E+04     0.210124E+06
  0.108000E+04     0.208734E+06
  0.108100E+04     0.207487E+06
  0.108200E+04     0.206297E+06
  0.108300E+04     0.205222E+06
  0.108400E+04     0.204474E+06
  0.108500E+04     0.203278E+06
  0.108600E+04     0.202306E+06
  0.108700E+04     0.202086E+06
  0.108800E+04     0.201524E+06
  0.108900E+04     0.201172E+06
  0.109000E+04     0.201129E+06
  0.109100E+04     0.201180E+06
  0.109200E+04     0.201042E+06
  0.109300E+04     0.200791E+06
  0.109400E+04     0.200693E+06
  0.109500E+04     0.200770E+06
  0.109600E+04     0.200931E+06
  0.109700E+04     0.201119E+06
  0.109800E+04     0.201748E+06
  0.109900E+04     0.202245E+06
  0.110000E+04     0.202405E+06
  0.110100E+04     0.202445E+06
  0.110200E+04     0.202808E+06
  0.110300E+04     0.203439E+06
  0.110400E+04     0.203742E+06
  0.110500E+04     0.204160E+06
  0.110600E+04     0.204609E+06
  0.110700E+04     0.204951E+06
  0.110800E+04     0.204963E+06
  0.110900E+04     0.205008E+06
  0.111000E+04     0.205289E+06
  0.111100E+04     0.205434E+06
  0.111200E+04     0.205442E+06
  0.111300E+04     0.205300E+06
  0.111400E+04     0.204836E+06
  0.111500E+04     0.204806E+06
  0.111600E+04     0.204919E+06
  0.111700E+04     0.204343E+06
  0.111800E+04     0.203788E+06
  0.111900E+04     0.203444E+06
  0.112000E+04     0.203573E+06
  0.112100E+04     0.203763E+06
  0.112200E+04     0.203905E+06
  0.112300E+04     0.203971E+06
  0.112400E+04     0.204630E+06
  0.112500E+04     0.205294E+06
  0.112600E+04     0.206039E+06
  0.112700E+04     0.207327E+06
  0.112800E+04     0.208679E+06
  0.112900E+04     0.210187E+06
  0.113000E+04     0.212056E+06
  0.113100E+04     0.213692E+06
  0.113200E+04     0.215802E+06
  0.113300E+04     0.218716E+06
  0.113400E+04     0.221896E+06
  0.113500E+04     0.224982E+06
  0.113600E+04     0.228106E+06
  0.113700E+04     0.232499E+06
  0.113800E+04     0.237015E+06
  0.113900E+04     0.241740E+06
  0.114000E+04     0.246958E+06
  0.114100E+04     0.252955E+06
  0.114200E+04     0.259510E+06
  0.114300E+04     0.266696E+06
  0.114400E+04     0.274979E+06
  0.114500E+04     0.284124E+06
  0.114600E+04     0.294260E+06
  0.114700E+04     0.307359E+06
  0.114800E+04     0.322877E+06
  0.114900E+04     0.340907E+06
  0.115000E+04     0.363358E+06
  0.115100E+04     0.391717E+06
  0.115200E+04     0.425735E+06
  0.115300E+04     0.467397E+06
  0.115400E+04     0.520510E+06
  0.115500E+04     0.578927E+06
  0.115600E+04     0.641210E+06
  0.115700E+04     0.687473E+06
  0.115800E+04     0.715918E+06
  0.115900E+04     0.727580E+06
  0.116000E+04     0.714454E+06
  0.116100E+04     0.678411E+06
  0.116200E+04     0.627388E+06
  0.116300E+04     0.560717E+06
  0.116400E+04     0.494113E+06
  0.116500E+04     0.435675E+06
  0.116600E+04     0.387425E+06
  0.116700E+04     0.355831E+06
  0.116800E+04     0.329206E+06
  0.116900E+04     0.307073E+06
  0.117000E+04     0.290524E+06
  0.117100E+04     0.276689E+06
  0.117200E+04     0.264643E+06
  0.117300E+04     0.254436E+06
  0.117400E+04     0.246158E+06
  0.117500E+04     0.238900E+06
  0.117600E+04     0.232584E+06
  0.117700E+04     0.227207E+06
  0.117800E+04     0.222501E+06
  0.117900E+04     0.218285E+06
  0.118000E+04     0.214119E+06
  0.118100E+04     0.210961E+06
  0.118200E+04     0.208216E+06
  0.118300E+04     0.205535E+06
  0.118400E+04     0.202867E+06
  0.118500E+04     0.200528E+06
  0.118600E+04     0.198612E+06
  0.118700E+04     0.196929E+06
  0.118800E+04     0.195385E+06
  0.118900E+04     0.193995E+06
  0.119000E+04     0.192904E+06
  0.119100E+04     0.191631E+06
  0.119200E+04     0.190442E+06
  0.119300E+04     0.189633E+06
  0.119400E+04     0.188657E+06
  0.119500E+04     0.187931E+06
  0.119600E+04     0.187566E+06
  0.119700E+04     0.187148E+06
  0.119800E+04     0.186871E+06
  0.119900E+04     0.186755E+06
  0.120000E+04     0.186974E+06
  0.120100E+04     0.187064E+06
  0.120200E+04     0.187199E+06
  0.120300E+04     0.187565E+06
  0.120400E+04     0.188286E+06
  0.120500E+04     0.189013E+06
  0.120600E+04     0.189677E+06
  0.120700E+04     0.190323E+06
  0.120800E+04     0.191073E+06
  0.120900E+04     0.191895E+06
  0.121000E+04     0.192710E+06
  0.121100E+04     0.193547E+06
  0.121200E+04     0.194204E+06
  0.121300E+04     0.194426E+06
  0.121400E+04     0.194824E+06
  0.121500E+04     0.195131E+06
  0.121600E+04     0.195293E+06
  0.121700E+04     0.195403E+06
  0.121800E+04     0.195338E+06
  0.121900E+04     0.195300E+06
  0.122000E+04     0.195979E+06
  0.122100E+04     0.196652E+06
  0.122200E+04     0.197376E+06
  0.122300E+04     0.198212E+06
  0.122400E+04     0.199590E+06
  0.122500E+04     0.201057E+06
  0.122600E+04     0.202552E+06
  0.122700E+04     0.204150E+06
  0.122800E+04     0.205960E+06
  0.122900E+04     0.208009E+06
  0.123000E+04     0.210516E+06
  0.123100E+04     0.212956E+06
  0.123200E+04     0.215570E+06
  0.123300E+04     0.218567E+06
  0.123400E+04     0.222185E+06
  0.123500E+04     0.225940E+06
  0.123600E+04     0.229857E+06
  0.123700E+04     0.235022E+06
  0.123800E+04     0.240178E+06
  0.123900E+04     0.245480E+06
  0.124000E+04     0.251345E+06
  0.124100E+04     0.257915E+06
  0.124200E+04     0.265135E+06
  0.124300E+04     0.273165E+06
  0.124400E+04     0.281626E+06
  0.124500E+04     0.291179E+06
  0.124600E+04     0.301942E+06
  0.124700E+04     0.314762E+06
  0.124800E+04     0.328654E+06
  0.124900E+04     0.343807E+06
  0.125000E+04     0.361223E+06
  0.125100E+04     0.381721E+06
  0.125200E+04     0.405136E+06
  0.125300E+04     0.431981E+06
  0.125400E+04     0.463906E+06
  0.125500E+04     0.500312E+06
  0.125600E+04     0.541635E+06
  0.125700E+04     0.592407E+06
  0.125800E+04     0.652102E+06
  0.125900E+04     0.720111E+06
  0.126000E+04     0.799846E+06
  0.126100E+04     0.893181E+06
  0.126200E+04     0.992762E+06
  0.126300E+04     0.109749E+07
  0.126400E+04     0.119936E+07
  0.126500E+04     0.128852E+07
  0.126600E+04     0.136243E+07
  0.126700E+04     0.140426E+07
  0.126800E+04     0.141128E+07
  0.126900E+04     0.139153E+07
  0.127000E+04     0.134056E+07
  0.127100E+04     0.126019E+07
  0.127200E+04     0.116980E+07
  0.127300E+04     0.107208E+07
  0.127400E+04     0.974552E+06
  0.127500E+04     0.884620E+06
  0.127600E+04     0.802104E+06
  0.127700E+04     0.730823E+06
  0.127800E+04     0.669821E+06
  0.127900E+04     0.615402E+06
  0.128000E+04     0.567581E+06
  0.128100E+04     0.529565E+06
  0.128200E+04     0.495462E+06
  0.128300E+04     0.464862E+06
  0.128400E+04     0.438341E+06
  0.128500E+04     0.415506E+06
  0.128600E+04     0.395292E+06
  0.128700E+04     0.377614E+06
  0.128800E+04     0.362030E+06
  0.128900E+04     0.347888E+06
  0.129000E+04     0.335191E+06
  0.129100E+04     0.324101E+06
  0.129200E+04     0.313632E+06
  0.129300E+04     0.303900E+06
  0.129400E+04     0.295699E+06
  0.129500E+04     0.288481E+06
  0.129600E+04     0.281669E+06
  0.129700E+04     0.274970E+06
  0.129800E+04     0.270022E+06
  0.129900E+04     0.265269E+06
  0.130000E+04     0.260522E+06
  0.130100E+04     0.256014E+06
  0.130200E+04     0.251772E+06
  0.130300E+04     0.247931E+06
  0.130400E+04     0.244987E+06
  0.130500E+04     0.242189E+06
  0.130600E+04     0.239559E+06
  0.130700E+04     0.237145E+06
  0.130800E+04     0.235583E+06
  0.130900E+04     0.234074E+06
  0.131000E+04     0.232571E+06
  0.131100E+04     0.231004E+06
  0.131200E+04     0.230267E+06
  0.131300E+04     0.229826E+06
  0.131400E+04     0.229244E+06
  0.131500E+04     0.228943E+06
  0.131600E+04     0.228898E+06
  0.131700E+04     0.229122E+06
  0.131800E+04     0.229475E+06
  0.131900E+04     0.230280E+06
  0.132000E+04     0.231387E+06
  0.132100E+04     0.232550E+06
  0.132200E+04     0.234290E+06
  0.132300E+04     0.236168E+06
  0.132400E+04     0.237993E+06
  0.132500E+04     0.241053E+06
  0.132600E+04     0.244073E+06
  0.132700E+04     0.247048E+06
  0.132800E+04     0.250607E+06
  0.132900E+04     0.254222E+06
  0.133000E+04     0.258223E+06
  0.133100E+04     0.263209E+06
  0.133200E+04     0.268434E+06
  0.133300E+04     0.273918E+06
  0.133400E+04     0.279707E+06
  0.133500E+04     0.286807E+06
  0.133600E+04     0.294765E+06
  0.133700E+04     0.303594E+06
  0.133800E+04     0.313759E+06
  0.133900E+04     0.326062E+06
  0.134000E+04     0.339368E+06
  0.134100E+04     0.353329E+06
  0.134200E+04     0.369299E+06
  0.134300E+04     0.385724E+06
  0.134400E+04     0.402075E+06
  0.134500E+04     0.415214E+06
  0.134600E+04     0.426167E+06
  0.134700E+04     0.434602E+06
  0.134800E+04     0.438933E+06
  0.134900E+04     0.437570E+06
  0.135000E+04     0.432589E+06
  0.135100E+04     0.424119E+06
  0.135200E+04     0.411349E+06
  0.135300E+04     0.397327E+06
  0.135400E+04     0.382164E+06
  0.135500E+04     0.365608E+06
  0.135600E+04     0.349555E+06
  0.135700E+04     0.333771E+06
  0.135800E+04     0.318207E+06
  0.135900E+04     0.304197E+06
  0.136000E+04     0.291582E+06
  0.136100E+04     0.280298E+06
  0.136200E+04     0.270368E+06
  0.136300E+04     0.261371E+06
  0.136400E+04     0.253342E+06
  0.136500E+04     0.246729E+06
  0.136600E+04     0.241384E+06
  0.136700E+04     0.236469E+06
  0.136800E+04     0.231876E+06
  0.136900E+04     0.227998E+06
  0.137000E+04     0.224570E+06
  0.137100E+04     0.221581E+06
  0.137200E+04     0.219220E+06
  0.137300E+04     0.217037E+06
  0.137400E+04     0.215104E+06
  0.137500E+04     0.213494E+06
  0.137600E+04     0.212230E+06
  0.137700E+04     0.211221E+06
  0.137800E+04     0.210448E+06
  0.137900E+04     0.209929E+06
  0.138000E+04     0.209526E+06
  0.138100E+04     0.209330E+06
  0.138200E+04     0.209484E+06
  0.138300E+04     0.209746E+06
  0.138400E+04     0.210014E+06
  0.138500E+04     0.210267E+06
  0.138600E+04     0.210431E+06
  0.138700E+04     0.210711E+06
  0.138800E+04     0.211004E+06
  0.138900E+04     0.211166E+06
  0.139000E+04     0.211176E+06
  0.139100E+04     0.211437E+06
  0.139200E+04     0.212063E+06
  0.139300E+04     0.212691E+06
  0.139400E+04     0.213323E+06
  0.139500E+04     0.214063E+06
  0.139600E+04     0.215226E+06
  0.139700E+04     0.216603E+06
  0.139800E+04     0.217974E+06
  0.139900E+04     0.219239E+06
  0.140000E+04     0.221081E+06
  0.140100E+04     0.223192E+06
  0.140200E+04     0.225543E+06
  0.140300E+04     0.228137E+06
  0.140400E+04     0.231262E+06
  0.140500E+04     0.234607E+06
  0.140600E+04     0.237996E+06
  0.140700E+04     0.242255E+06
  0.140800E+04     0.246770E+06
  0.140900E+04     0.251509E+06
  0.141000E+04     0.256857E+06
  0.141100E+04     0.263004E+06
  0.141200E+04     0.269707E+06
  0.141300E+04     0.276882E+06
  0.141400E+04     0.285092E+06
  0.141500E+04     0.294434E+06
  0.141600E+04     0.305028E+06
  0.141700E+04     0.317088E+06
  0.141800E+04     0.330600E+06
  0.141900E+04     0.345345E+06
  0.142000E+04     0.361382E+06
  0.142100E+04     0.379955E+06
  0.142200E+04     0.399947E+06
  0.142300E+04     0.421168E+06
  0.142400E+04     0.443489E+06
  0.142500E+04     0.465974E+06
  0.142600E+04     0.488568E+06
  0.142700E+04     0.511169E+06
  0.142800E+04     0.533884E+06
  0.142900E+04     0.556945E+06
  0.143000E+04     0.580598E+06
  0.143100E+04     0.606559E+06
  0.143200E+04     0.635266E+06
  0.143300E+04     0.667282E+06
  0.143400E+04     0.706678E+06
  0.143500E+04     0.754716E+06
  0.143600E+04     0.810795E+06
  0.143700E+04     0.877355E+06
  0.143800E+04     0.958776E+06
  0.143900E+04     0.104858E+07
  0.144000E+04     0.114598E+07
  0.144100E+04     0.125043E+07
  0.144200E+04     0.134639E+07
  0.144300E+04     0.143107E+07
  0.144400E+04     0.149553E+07
  0.144500E+04     0.152468E+07
  0.144600E+04     0.152766E+07
  0.144700E+04     0.150414E+07
  0.144800E+04     0.144233E+07
  0.144900E+04     0.136246E+07
  0.145000E+04     0.126967E+07
  0.145100E+04     0.116918E+07
  0.145200E+04     0.107135E+07
  0.145300E+04     0.979460E+06
  0.145400E+04     0.895418E+06
  0.145500E+04     0.823501E+06
  0.145600E+04     0.759358E+06
  0.145700E+04     0.702566E+06
  0.145800E+04     0.654589E+06
  0.145900E+04     0.614315E+06
  0.146000E+04     0.580659E+06
  0.146100E+04     0.554502E+06
  0.146200E+04     0.541177E+06
  0.146300E+04     0.535450E+06
  0.146400E+04     0.535915E+06
  0.146500E+04     0.539388E+06
  0.146600E+04     0.537396E+06
  0.146700E+04     0.530442E+06
  0.146800E+04     0.517452E+06
  0.146900E+04     0.495516E+06
  0.147000E+04     0.466907E+06
  0.147100E+04     0.432769E+06
  0.147200E+04     0.397835E+06
  0.147300E+04     0.369452E+06
  0.147400E+04     0.346606E+06
  0.147500E+04     0.330290E+06
  0.147600E+04     0.319063E+06
  0.147700E+04     0.309518E+06
  0.147800E+04     0.301447E+06
  0.147900E+04     0.296568E+06
  0.148000E+04     0.292519E+06
  0.148100E+04     0.289136E+06
  0.148200E+04     0.286483E+06
  0.148300E+04     0.284385E+06
  0.148400E+04     0.281986E+06
  0.148500E+04     0.279115E+06
  0.148600E+04     0.275550E+06
  0.148700E+04     0.271779E+06
  0.148800E+04     0.267630E+06
  0.148900E+04     0.262701E+06
  0.149000E+04     0.257476E+06
  0.149100E+04     0.252384E+06
  0.149200E+04     0.247532E+06
  0.149300E+04     0.243032E+06
  0.149400E+04     0.238767E+06
  0.149500E+04     0.234643E+06
  0.149600E+04     0.230552E+06
  0.149700E+04     0.227090E+06
  0.149800E+04     0.223348E+06
  0.149900E+04     0.219103E+06
  0.150000E+04     0.215670E+06
  0.150100E+04     0.212351E+06
  0.150200E+04     0.209109E+06
  0.150300E+04     0.205895E+06
  0.150400E+04     0.202789E+06
  0.150500E+04     0.200086E+06
  0.150600E+04     0.197916E+06
  0.150700E+04     0.195703E+06
  0.150800E+04     0.193436E+06
  0.150900E+04     0.191315E+06
  0.151000E+04     0.189871E+06
  0.151100E+04     0.188413E+06
  0.151200E+04     0.186981E+06
  0.151300E+04     0.185595E+06
  0.151400E+04     0.184572E+06
  0.151500E+04     0.183335E+06
  0.151600E+04     0.182084E+06
  0.151700E+04     0.181365E+06
  0.151800E+04     0.180544E+06
  0.151900E+04     0.179800E+06
  0.152000E+04     0.179214E+06
  0.152100E+04     0.178455E+06
  0.152200E+04     0.177919E+06
  0.152300E+04     0.177537E+06
  0.152400E+04     0.177149E+06
  0.152500E+04     0.176526E+06
  0.152600E+04     0.176016E+06
  0.152700E+04     0.175792E+06
  0.152800E+04     0.175960E+06
  0.152900E+04     0.176207E+06
  0.153000E+04     0.176456E+06
  0.153100E+04     0.176486E+06
  0.153200E+04     0.176714E+06
  0.153300E+04     0.177113E+06
  0.153400E+04     0.177695E+06
  0.153500E+04     0.178314E+06
  0.153600E+04     0.179144E+06
  0.153700E+04     0.180089E+06
  0.153800E+04     0.180865E+06
  0.153900E+04     0.181139E+06
  0.154000E+04     0.181319E+06
  0.154100E+04     0.181578E+06
  0.154200E+04     0.181033E+06
  0.154300E+04     0.180386E+06
  0.154400E+04     0.179607E+06
  0.154500E+04     0.178494E+06
  0.154600E+04     0.177333E+06
  0.154700E+04     0.176082E+06
  0.154800E+04     0.174707E+06
  0.154900E+04     0.173693E+06
  0.155000E+04     0.172865E+06
  0.155100E+04     0.172188E+06
  0.155200E+04     0.171608E+06
  0.155300E+04     0.171126E+06
  0.155400E+04     0.170887E+06
  0.155500E+04     0.170996E+06
  0.155600E+04     0.170837E+06
  0.155700E+04     0.171116E+06
  0.155800E+04     0.171653E+06
  0.155900E+04     0.171948E+06
  0.156000E+04     0.172230E+06
  0.156100E+04     0.172693E+06
  0.156200E+04     0.173445E+06
  0.156300E+04     0.173833E+06
  0.156400E+04     0.174135E+06
  0.156500E+04     0.174416E+06
  0.156600E+04     0.174842E+06
  0.156700E+04     0.175068E+06
  0.156800E+04     0.175247E+06
  0.156900E+04     0.175431E+06
  0.157000E+04     0.175487E+06
  0.157100E+04     0.175553E+06
  0.157200E+04     0.175568E+06
  0.157300E+04     0.175361E+06
  0.157400E+04     0.175028E+06
  0.157500E+04     0.174566E+06
  0.157600E+04     0.173966E+06
  0.157700E+04     0.173779E+06
  0.157800E+04     0.173570E+06
  0.157900E+04     0.173356E+06
  0.158000E+04     0.173177E+06
  0.158100E+04     0.172824E+06
  0.158200E+04     0.172648E+06
  0.158300E+04     0.172739E+06
  0.158400E+04     0.172192E+06
  0.158500E+04     0.171537E+06
  0.158600E+04     0.170926E+06
  0.158700E+04     0.170659E+06
  0.158800E+04     0.170358E+06
  0.158900E+04     0.169890E+06
  0.159000E+04     0.169248E+06
  0.159100E+04     0.169124E+06
  0.159200E+04     0.168752E+06
  0.159300E+04     0.168368E+06
  0.159400E+04     0.168328E+06
  0.159500E+04     0.168090E+06
  0.159600E+04     0.168045E+06
  0.159700E+04     0.168243E+06
  0.159800E+04     0.168276E+06
  0.159900E+04     0.168324E+06
  0.160000E+04     0.168292E+06
  0.160100E+04     0.168035E+06
  0.160200E+04     0.167850E+06
  0.160300E+04     0.167579E+06
  0.160400E+04     0.167208E+06
  0.160500E+04     0.166819E+06
  0.160600E+04     0.166374E+06
  0.160700E+04     0.165957E+06
  0.160800E+04     0.165658E+06
  0.160900E+04     0.165430E+06
  0.161000E+04     0.165214E+06
  0.161100E+04     0.165054E+06
  0.161200E+04     0.165247E+06
  0.161300E+04     0.165290E+06
  0.161400E+04     0.165345E+06
  0.161500E+04     0.165533E+06
  0.161600E+04     0.165520E+06
  0.161700E+04     0.165625E+06
  0.161800E+04     0.165850E+06
  0.161900E+04     0.166153E+06
  0.162000E+04     0.166496E+06
  0.162100E+04     0.167221E+06
  0.162200E+04     0.168587E+06
  0.162300E+04     0.168605E+06
  0.162400E+04     0.168856E+06
  0.162500E+04     0.169215E+06
  0.162600E+04     0.169173E+06
  0.162700E+04     0.169566E+06
  0.162800E+04     0.170003E+06
  0.162900E+04     0.170334E+06
  0.163000E+04     0.170474E+06
  0.163100E+04     0.170928E+06
  0.163200E+04     0.171539E+06
  0.163300E+04     0.172004E+06
  0.163400E+04     0.173172E+06
  0.163500E+04     0.174524E+06
  0.163600E+04     0.175929E+06
  0.163700E+04     0.177356E+06
  0.163800E+04     0.178396E+06
  0.163900E+04     0.179191E+06
  0.164000E+04     0.179876E+06
  0.164100E+04     0.179682E+06
  0.164200E+04     0.178509E+06
  0.164300E+04     0.176435E+06
  0.164400E+04     0.174671E+06
  0.164500E+04     0.173082E+06
  0.164600E+04     0.171729E+06
  0.164700E+04     0.170739E+06
  0.164800E+04     0.169538E+06
  0.164900E+04     0.168798E+06
  0.165000E+04     0.168522E+06
  0.165100E+04     0.168379E+06
  0.165200E+04     0.168414E+06
  0.165300E+04     0.168498E+06
  0.165400E+04     0.168554E+06
  0.165500E+04     0.168149E+06
  0.165600E+04     0.167636E+06
  0.165700E+04     0.167020E+06
  0.165800E+04     0.166242E+06
  0.165900E+04     0.165364E+06
  0.166000E+04     0.164582E+06
  0.166100E+04     0.163992E+06
  0.166200E+04     0.163476E+06
  0.166300E+04     0.163158E+06
  0.166400E+04     0.163009E+06
  0.166500E+04     0.163012E+06
  0.166600E+04     0.162801E+06
  0.166700E+04     0.162540E+06
  0.166800E+04     0.162285E+06
  0.166900E+04     0.162319E+06
  0.167000E+04     0.162444E+06
  0.167100E+04     0.162613E+06
  0.167200E+04     0.162779E+06
  0.167300E+04     0.163054E+06
  0.167400E+04     0.163306E+06
  0.167500E+04     0.163514E+06
  0.167600E+04     0.163658E+06
  0.167700E+04     0.164127E+06
  0.167800E+04     0.164690E+06
  0.167900E+04     0.165184E+06
  0.168000E+04     0.165871E+06
  0.168100E+04     0.166628E+06
  0.168200E+04     0.167429E+06
  0.168300E+04     0.168225E+06
  0.168400E+04     0.169072E+06
  0.168500E+04     0.169884E+06
  0.168600E+04     0.170613E+06
  0.168700E+04     0.171434E+06
  0.168800E+04     0.172157E+06
  0.168900E+04     0.172752E+06
  0.169000E+04     0.173117E+06
  0.169100E+04     0.173317E+06
  0.169200E+04     0.173424E+06
  0.169300E+04     0.173417E+06
  0.169400E+04     0.172794E+06
  0.169500E+04     0.171867E+06
  0.169600E+04     0.170865E+06
  0.169700E+04     0.170046E+06
  0.169800E+04     0.169088E+06
  0.169900E+04     0.168259E+06
  0.170000E+04     0.167530E+06
  0.170100E+04     0.166512E+06
  0.170200E+04     0.165493E+06
  0.170300E+04     0.164659E+06
  0.170400E+04     0.164171E+06
  0.170500E+04     0.163680E+06
  0.170600E+04     0.163308E+06
  0.170700E+04     0.163016E+06
  0.170800E+04     0.162684E+06
  0.170900E+04     0.162799E+06
  0.171000E+04     0.162872E+06
  0.171100E+04     0.162749E+06
  0.171200E+04     0.163102E+06
  0.171300E+04     0.163816E+06
  0.171400E+04     0.164748E+06
  0.171500E+04     0.165733E+06
  0.171600E+04     0.167216E+06
  0.171700E+04     0.168946E+06
  0.171800E+04     0.170818E+06
  0.171900E+04     0.172337E+06
  0.172000E+04     0.173196E+06
  0.172100E+04     0.173569E+06
  0.172200E+04     0.173487E+06
  0.172300E+04     0.172222E+06
  0.172400E+04     0.170607E+06
  0.172500E+04     0.168773E+06
  0.172600E+04     0.166947E+06
  0.172700E+04     0.165221E+06
  0.172800E+04     0.163746E+06
  0.172900E+04     0.162606E+06
  0.173000E+04     0.161693E+06
  0.173100E+04     0.160865E+06
  0.173200E+04     0.160228E+06
  0.173300E+04     0.160017E+06
  0.173400E+04     0.159870E+06
  0.173500E+04     0.159556E+06
  0.173600E+04     0.159097E+06
  0.173700E+04     0.159032E+06
  0.173800E+04     0.158920E+06
  0.173900E+04     0.158669E+06
  0.174000E+04     0.158173E+06
  0.174100E+04     0.158172E+06
  0.174200E+04     0.158174E+06
  0.174300E+04     0.158182E+06
  0.174400E+04     0.158300E+06
  0.174500E+04     0.158247E+06
  0.174600E+04     0.158177E+06
  0.174700E+04     0.158152E+06
  0.174800E+04     0.158300E+06
  0.174900E+04     0.158394E+06
  0.175000E+04     0.158428E+06
  0.175100E+04     0.158377E+06
  0.175200E+04     0.158049E+06
  0.175300E+04     0.157928E+06
  0.175400E+04     0.158066E+06
  0.175500E+04     0.158312E+06
  0.175600E+04     0.158615E+06
  0.175700E+04     0.158917E+06
  0.175800E+04     0.159177E+06
  0.175900E+04     0.159464E+06
  0.176000E+04     0.159853E+06
  0.176100E+04     0.160276E+06
  0.176200E+04     0.160548E+06
  0.176300E+04     0.161189E+06
  0.176400E+04     0.161601E+06
  0.176500E+04     0.161649E+06
  0.176600E+04     0.162125E+06
  0.176700E+04     0.161989E+06
  0.176800E+04     0.161568E+06
  0.176900E+04     0.161168E+06
  0.177000E+04     0.160746E+06
  0.177100E+04     0.160219E+06
  0.177200E+04     0.159695E+06
  0.177300E+04     0.159686E+06
  0.177400E+04     0.159204E+06
  0.177500E+04     0.158744E+06
  0.177600E+04     0.158539E+06
  0.177700E+04     0.158594E+06
  0.177800E+04     0.158447E+06
  0.177900E+04     0.158251E+06
  0.178000E+04     0.158270E+06
  0.178100E+04     0.158281E+06
  0.178200E+04     0.158246E+06
  0.178300E+04     0.158168E+06
  0.178400E+04     0.158099E+06
  0.178500E+04     0.157986E+06
  0.178600E+04     0.157948E+06
  0.178700E+04     0.158082E+06
  0.178800E+04     0.157692E+06
  0.178900E+04     0.157448E+06
  0.179000E+04     0.157356E+06
  0.179100E+04     0.157402E+06
  0.179200E+04     0.157450E+06
  0.179300E+04     0.157506E+06
  0.179400E+04     0.157561E+06
  0.179500E+04     0.157493E+06
  0.179600E+04     0.157497E+06
  0.179700E+04     0.157472E+06
  0.179800E+04     0.157311E+06
  0.179900E+04     0.157457E+06
  0.180000E+04     0.157577E+06
  0.180100E+04     0.157706E+06
  0.180200E+04     0.158058E+06
  0.180300E+04     0.158488E+06
  0.180400E+04     0.158830E+06
  0.180500E+04     0.159018E+06
  0.180600E+04     0.159144E+06
  0.180700E+04     0.159632E+06
  0.180800E+04     0.160339E+06
  0.180900E+04     0.161133E+06
  0.181000E+04     0.161192E+06
  0.181100E+04     0.161496E+06
  0.181200E+04     0.162043E+06
  0.181300E+04     0.162316E+06
  0.181400E+04     0.162443E+06
  0.181500E+04     0.162325E+06
  0.181600E+04     0.161893E+06
  0.181700E+04     0.161456E+06
  0.181800E+04     0.161001E+06
  0.181900E+04     0.160561E+06
  0.182000E+04     0.160197E+06
  0.182100E+04     0.159925E+06
  0.182200E+04     0.159724E+06
  0.182300E+04     0.159577E+06
  0.182400E+04     0.159422E+06
  0.182500E+04     0.159445E+06
  0.182600E+04     0.159499E+06
  0.182700E+04     0.159506E+06
  0.182800E+04     0.159286E+06
  0.182900E+04     0.159240E+06
  0.183000E+04     0.159273E+06
  0.183100E+04     0.159218E+06
  0.183200E+04     0.159161E+06
  0.183300E+04     0.159154E+06
  0.183400E+04     0.159217E+06
  0.183500E+04     0.159397E+06
  0.183600E+04     0.159525E+06
  0.183700E+04     0.159549E+06
  0.183800E+04     0.159425E+06
  0.183900E+04     0.159250E+06
  0.184000E+04     0.159351E+06
  0.184100E+04     0.159613E+06
  0.184200E+04     0.159834E+06
  0.184300E+04     0.159985E+06
  0.184400E+04     0.160134E+06
  0.184500E+04     0.160320E+06
  0.184600E+04     0.160717E+06
  0.184700E+04     0.161063E+06
  0.184800E+04     0.161299E+06
  0.184900E+04     0.161375E+06
  0.185000E+04     0.161589E+06
  0.185100E+04     0.161536E+06
  0.185200E+04     0.161382E+06
  0.185300E+04     0.161453E+06
  0.185400E+04     0.161489E+06
  0.185500E+04     0.161498E+06
  0.185600E+04     0.161444E+06
  0.185700E+04     0.161079E+06
  0.185800E+04     0.161013E+06
  0.185900E+04     0.160954E+06
  0.186000E+04     0.160727E+06
  0.186100E+04     0.160672E+06
  0.186200E+04     0.160834E+06
  0.186300E+04     0.161056E+06
  0.186400E+04     0.161051E+06
  0.186500E+04     0.161300E+06
  0.186600E+04     0.161428E+06
  0.186700E+04     0.161462E+06
  0.186800E+04     0.161969E+06
  0.186900E+04     0.162325E+06
  0.187000E+04     0.162480E+06
  0.187100E+04     0.162386E+06
  0.187200E+04     0.162095E+06
  0.187300E+04     0.161886E+06
  0.187400E+04     0.161740E+06
  0.187500E+04     0.161641E+06
  0.187600E+04     0.161412E+06
  0.187700E+04     0.161046E+06
  0.187800E+04     0.160586E+06
  0.187900E+04     0.160253E+06
  0.188000E+04     0.159835E+06
  0.188100E+04     0.159493E+06
  0.188200E+04     0.159307E+06
  0.188300E+04     0.159145E+06
  0.188400E+04     0.158963E+06
  0.188500E+04     0.158733E+06
  0.188600E+04     0.158408E+06
  0.188700E+04     0.158268E+06
  0.188800E+04     0.158222E+06
  0.188900E+04     0.158256E+06
  0.189000E+04     0.158353E+06
  0.189100E+04     0.158051E+06
  0.189200E+04     0.157825E+06
  0.189300E+04     0.157848E+06
  0.189400E+04     0.157883E+06
  0.189500E+04     0.157861E+06
  0.189600E+04     0.157742E+06
  0.189700E+04     0.157467E+06
  0.189800E+04     0.157570E+06
  0.189900E+04     0.157623E+06
  0.190000E+04     0.157635E+06
  0.190100E+04     0.157723E+06
  0.190200E+04     0.157486E+06
  0.190300E+04     0.157264E+06
  0.190400E+04     0.157150E+06
  0.190500E+04     0.157148E+06
  0.190600E+04     0.157228E+06
  0.190700E+04     0.157140E+06
  0.190800E+04     0.156667E+06
  0.190900E+04     0.156732E+06
  0.191000E+04     0.156929E+06
  0.191100E+04     0.157220E+06
  0.191200E+04     0.157571E+06
  0.191300E+04     0.157497E+06
  0.191400E+04     0.157396E+06
  0.191500E+04     0.157330E+06
  0.191600E+04     0.157201E+06
  0.191700E+04     0.156983E+06
  0.191800E+04     0.156856E+06
  0.191900E+04     0.156919E+06
  0.192000E+04     0.156983E+06
  0.192100E+04     0.157204E+06
  0.192200E+04     0.157442E+06
  0.192300E+04     0.157503E+06
  0.192400E+04     0.157589E+06
  0.192500E+04     0.157765E+06
  0.192600E+04     0.157974E+06
  0.192700E+04     0.157985E+06
  0.192800E+04     0.158067E+06
  0.192900E+04     0.158246E+06
  0.193000E+04     0.158540E+06
  0.193100E+04     0.158977E+06
  0.193200E+04     0.159028E+06
  0.193300E+04     0.159019E+06
  0.193400E+04     0.159224E+06
  0.193500E+04     0.159539E+06
  0.193600E+04     0.159925E+06
  0.193700E+04     0.160436E+06
  0.193800E+04     0.161211E+06
  0.193900E+04     0.161776E+06
  0.194000E+04     0.162102E+06
  0.194100E+04     0.162253E+06
  0.194200E+04     0.162641E+06
  0.194300E+04     0.163063E+06
  0.194400E+04     0.163488E+06
  0.194500E+04     0.163905E+06
  0.194600E+04     0.164536E+06
  0.194700E+04     0.165052E+06
  0.194800E+04     0.165470E+06
  0.194900E+04     0.165798E+06
  0.195000E+04     0.166156E+06
  0.195100E+04     0.166628E+06
  0.195200E+04     0.167187E+06
  0.195300E+04     0.167737E+06
  0.195400E+04     0.168411E+06
  0.195500E+04     0.169090E+06
  0.195600E+04     0.169751E+06
  0.195700E+04     0.170455E+06
  0.195800E+04     0.170686E+06
  0.195900E+04     0.170605E+06
  0.196000E+04     0.170285E+06
  0.196100E+04     0.169473E+06
  0.196200E+04     0.168543E+06
  0.196300E+04     0.167735E+06
  0.196400E+04     0.167458E+06
  0.196500E+04     0.167467E+06
  0.196600E+04     0.167384E+06
  0.196700E+04     0.167303E+06
  0.196800E+04     0.167785E+06
  0.196900E+04     0.168356E+06
  0.197000E+04     0.169053E+06
  0.197100E+04     0.169876E+06
  0.197200E+04     0.170584E+06
  0.197300E+04     0.171170E+06
  0.197400E+04     0.171622E+06
  0.197500E+04     0.171919E+06
  0.197600E+04     0.171899E+06
  0.197700E+04     0.171665E+06
  0.197800E+04     0.171167E+06
  0.197900E+04     0.170266E+06
  0.198000E+04     0.169308E+06
  0.198100E+04     0.168289E+06
  0.198200E+04     0.167280E+06
  0.198300E+04     0.166584E+06
  0.198400E+04     0.165688E+06
  0.198500E+04     0.164793E+06
  0.198600E+04     0.163983E+06
  0.198700E+04     0.163424E+06
  0.198800E+04     0.162856E+06
  0.198900E+04     0.162287E+06
  0.199000E+04     0.161724E+06
  0.199100E+04     0.161476E+06
  0.199200E+04     0.161149E+06
  0.199300E+04     0.160765E+06
  0.199400E+04     0.160371E+06
  0.199500E+04     0.160282E+06
  0.199600E+04     0.160194E+06
  0.199700E+04     0.160032E+06
  0.199800E+04     0.159654E+06
  0.199900E+04     0.159326E+06
  0.200000E+04     0.159065E+06
  0.200100E+04     0.158909E+06
  0.200200E+04     0.159178E+06
  0.200300E+04     0.159094E+06
  0.200400E+04     0.158867E+06
  0.200500E+04     0.158641E+06
  0.200600E+04     0.158590E+06
  0.200700E+04     0.158336E+06
  0.200800E+04     0.158144E+06
  0.200900E+04     0.158485E+06
  0.201000E+04     0.158659E+06
  0.201100E+04     0.158652E+06
  0.201200E+04     0.158547E+06
  0.201300E+04     0.158639E+06
  0.201400E+04     0.158670E+06
  0.201500E+04     0.158631E+06
  0.201600E+04     0.158543E+06
  0.201700E+04     0.158633E+06
  0.201800E+04     0.158666E+06
  0.201900E+04     0.158641E+06
  0.202000E+04     0.158556E+06
  0.202100E+04     0.158524E+06
  0.202200E+04     0.158437E+06
  0.202300E+04     0.158276E+06
  0.202400E+04     0.158006E+06
  0.202500E+04     0.158083E+06
  0.202600E+04     0.158053E+06
  0.202700E+04     0.157993E+06
  0.202800E+04     0.158215E+06
  0.202900E+04     0.158337E+06
  0.203000E+04     0.158419E+06
  0.203100E+04     0.158473E+06
  0.203200E+04     0.158507E+06
  0.203300E+04     0.158467E+06
  0.203400E+04     0.158682E+06
  0.203500E+04     0.159278E+06
  0.203600E+04     0.159362E+06
  0.203700E+04     0.159704E+06
  0.203800E+04     0.160049E+06
  0.203900E+04     0.160156E+06
  0.204000E+04     0.160637E+06
  0.204100E+04     0.161298E+06
  0.204200E+04     0.162066E+06
  0.204300E+04     0.162832E+06
  0.204400E+04     0.163840E+06
  0.204500E+04     0.165052E+06
  0.204600E+04     0.166495E+06
  0.204700E+04     0.168307E+06
  0.204800E+04     0.170408E+06
  0.204900E+04     0.172546E+06
  0.205000E+04     0.174553E+06
  0.205100E+04     0.175628E+06
  0.205200E+04     0.176355E+06
  0.205300E+04     0.176596E+06
  0.205400E+04     0.176218E+06
  0.205500E+04     0.174668E+06
  0.205600E+04     0.173067E+06
  0.205700E+04     0.171346E+06
  0.205800E+04     0.169409E+06
  0.205900E+04     0.168071E+06
  0.206000E+04     0.166938E+06
  0.206100E+04     0.165853E+06
  0.206200E+04     0.164533E+06
  0.206300E+04     0.163876E+06
  0.206400E+04     0.163429E+06
  0.206500E+04     0.163099E+06
  0.206600E+04     0.162823E+06
  0.206700E+04     0.162183E+06
  0.206800E+04     0.161669E+06
  0.206900E+04     0.161409E+06
  0.207000E+04     0.161018E+06
  0.207100E+04     0.160845E+06
  0.207200E+04     0.160743E+06
  0.207300E+04     0.160625E+06
  0.207400E+04     0.160497E+06
  0.207500E+04     0.160328E+06
  0.207600E+04     0.160205E+06
  0.207700E+04     0.160235E+06
  0.207800E+04     0.160083E+06
  0.207900E+04     0.160118E+06
  0.208000E+04     0.160236E+06
  0.208100E+04     0.160192E+06
  0.208200E+04     0.160191E+06
  0.208300E+04     0.160228E+06
  0.208400E+04     0.160204E+06
  0.208500E+04     0.159748E+06
  0.208600E+04     0.159581E+06
  0.208700E+04     0.159545E+06
  0.208800E+04     0.159604E+06
  0.208900E+04     0.159812E+06
  0.209000E+04     0.159824E+06
  0.209100E+04     0.159759E+06
  0.209200E+04     0.159693E+06
  0.209300E+04     0.160075E+06
  0.209400E+04     0.159919E+06
  0.209500E+04     0.159599E+06
  0.209600E+04     0.159455E+06
  0.209700E+04     0.159851E+06
  0.209800E+04     0.159914E+06
  0.209900E+04     0.159855E+06
  0.210000E+04     0.160057E+06
  0.210100E+04     0.160408E+06
  0.210200E+04     0.160745E+06
  0.210300E+04     0.161085E+06
  0.210400E+04     0.161524E+06
  0.210500E+04     0.161844E+06
  0.210600E+04     0.162217E+06
  0.210700E+04     0.162717E+06
  0.210800E+04     0.163527E+06
  0.210900E+04     0.164426E+06
  0.211000E+04     0.165231E+06
  0.211100E+04     0.165927E+06
  0.211200E+04     0.167150E+06
  0.211300E+04     0.168545E+06
  0.211400E+04     0.169765E+06
  0.211500E+04     0.170586E+06
  0.211600E+04     0.171715E+06
  0.211700E+04     0.172611E+06
  0.211800E+04     0.173200E+06
  0.211900E+04     0.173373E+06
  0.212000E+04     0.173042E+06
  0.212100E+04     0.172419E+06
  0.212200E+04     0.171657E+06
  0.212300E+04     0.171002E+06
  0.212400E+04     0.170323E+06
  0.212500E+04     0.169743E+06
  0.212600E+04     0.169271E+06
  0.212700E+04     0.168896E+06
  0.212800E+04     0.168751E+06
  0.212900E+04     0.168603E+06
  0.213000E+04     0.168470E+06
  0.213100E+04     0.168706E+06
  0.213200E+04     0.168539E+06
  0.213300E+04     0.168354E+06
  0.213400E+04     0.168279E+06
  0.213500E+04     0.168167E+06
  0.213600E+04     0.167978E+06
  0.213700E+04     0.167700E+06
  0.213800E+04     0.167335E+06
  0.213900E+04     0.167376E+06
  0.214000E+04     0.167195E+06
  0.214100E+04     0.167007E+06
  0.214200E+04     0.167015E+06
  0.214300E+04     0.167095E+06
  0.214400E+04     0.167368E+06
  0.214500E+04     0.167756E+06
  0.214600E+04     0.168142E+06
  0.214700E+04     0.168281E+06
  0.214800E+04     0.168421E+06
  0.214900E+04     0.168654E+06
  0.215000E+04     0.169159E+06
  0.215100E+04     0.169580E+06
  0.215200E+04     0.170295E+06
  0.215300E+04     0.171294E+06
  0.215400E+04     0.172325E+06
  0.215500E+04     0.173592E+06
  0.215600E+04     0.175009E+06
  0.215700E+04     0.176571E+06
  0.215800E+04     0.178379E+06
  0.215900E+04     0.179831E+06
  0.216000E+04     0.181046E+06
  0.216100E+04     0.182037E+06
  0.216200E+04     0.182522E+06
  0.216300E+04     0.182378E+06
  0.216400E+04     0.181736E+06
  0.216500E+04     0.180658E+06
  0.216600E+04     0.179339E+06
  0.216700E+04     0.178056E+06
  0.216800E+04     0.176833E+06
  0.216900E+04     0.175696E+06
  0.217000E+04     0.174951E+06
  0.217100E+04     0.174408E+06
  0.217200E+04     0.174141E+06
  0.217300E+04     0.174282E+06
  0.217400E+04     0.174251E+06
  0.217500E+04     0.174450E+06
  0.217600E+04     0.174911E+06
  0.217700E+04     0.175672E+06
  0.217800E+04     0.176669E+06
  0.217900E+04     0.177426E+06
  0.218000E+04     0.177791E+06
  0.218100E+04     0.177475E+06
  0.218200E+04     0.176922E+06
  0.218300E+04     0.175955E+06
  0.218400E+04     0.174669E+06
  0.218500E+04     0.173662E+06
  0.218600E+04     0.172531E+06
  0.218700E+04     0.171485E+06
  0.218800E+04     0.170645E+06
  0.218900E+04     0.170376E+06
  0.219000E+04     0.170297E+06
  0.219100E+04     0.170655E+06
  0.219200E+04     0.171523E+06
  0.219300E+04     0.172146E+06
  0.219400E+04     0.173142E+06
  0.219500E+04     0.174405E+06
  0.219600E+04     0.175875E+06
  0.219700E+04     0.177421E+06
  0.219800E+04     0.179039E+06
  0.219900E+04     0.180729E+06
  0.220000E+04     0.182500E+06
  0.220100E+04     0.183526E+06
  0.220200E+04     0.184340E+06
  0.220300E+04     0.184858E+06
  0.220400E+04     0.184947E+06
  0.220500E+04     0.184694E+06
  0.220600E+04     0.184700E+06
  0.220700E+04     0.185056E+06
  0.220800E+04     0.185895E+06
  0.220900E+04     0.186870E+06
  0.221000E+04     0.188178E+06
  0.221100E+04     0.189644E+06
  0.221200E+04     0.190817E+06
  0.221300E+04     0.191508E+06
  0.221400E+04     0.191731E+06
  0.221500E+04     0.191533E+06
  0.221600E+04     0.191033E+06
  0.221700E+04     0.190653E+06
  0.221800E+04     0.190031E+06
  0.221900E+04     0.189275E+06
  0.222000E+04     0.189229E+06
  0.222100E+04     0.189467E+06
  0.222200E+04     0.189910E+06
  0.222300E+04     0.190561E+06
  0.222400E+04     0.191572E+06
  0.222500E+04     0.192775E+06
  0.222600E+04     0.193600E+06
  0.222700E+04     0.193857E+06
  0.222800E+04     0.194181E+06
  0.222900E+04     0.193845E+06
  0.223000E+04     0.193075E+06
  0.223100E+04     0.191964E+06
  0.223200E+04     0.190370E+06
  0.223300E+04     0.188769E+06
  0.223400E+04     0.187238E+06
  0.223500E+04     0.185822E+06
  0.223600E+04     0.183978E+06
  0.223700E+04     0.182753E+06
  0.223800E+04     0.181873E+06
  0.223900E+04     0.181103E+06
  0.224000E+04     0.180646E+06
  0.224100E+04     0.180298E+06
  0.224200E+04     0.180168E+06
  0.224300E+04     0.180392E+06
  0.224400E+04     0.180942E+06
  0.224500E+04     0.181582E+06
  0.224600E+04     0.182358E+06
  0.224700E+04     0.183355E+06
  0.224800E+04     0.184166E+06
  0.224900E+04     0.184437E+06
  0.225000E+04     0.184417E+06
  0.225100E+04     0.184586E+06
  0.225200E+04     0.184542E+06
  0.225300E+04     0.184032E+06
  0.225400E+04     0.183241E+06
  0.225500E+04     0.182637E+06
  0.225600E+04     0.181184E+06
  0.225700E+04     0.179728E+06
  0.225800E+04     0.178337E+06
  0.225900E+04     0.176852E+06
  0.226000E+04     0.175475E+06
  0.226100E+04     0.174213E+06
  0.226200E+04     0.173054E+06
  0.226300E+04     0.171955E+06
  0.226400E+04     0.171274E+06
  0.226500E+04     0.170559E+06
  0.226600E+04     0.169759E+06
  0.226700E+04     0.169125E+06
  0.226800E+04     0.168507E+06
  0.226900E+04     0.167978E+06
  0.227000E+04     0.167518E+06
  0.227100E+04     0.166895E+06
  0.227200E+04     0.166257E+06
  0.227300E+04     0.165866E+06
  0.227400E+04     0.165774E+06
  0.227500E+04     0.165661E+06
  0.227600E+04     0.165013E+06
  0.227700E+04     0.164499E+06
  0.227800E+04     0.164364E+06
  0.227900E+04     0.164229E+06
  0.228000E+04     0.164062E+06
  0.228100E+04     0.163920E+06
  0.228200E+04     0.163843E+06
  0.228300E+04     0.163951E+06
  0.228400E+04     0.164359E+06
  0.228500E+04     0.164852E+06
  0.228600E+04     0.165316E+06
  0.228700E+04     0.165926E+06
  0.228800E+04     0.166897E+06
  0.228900E+04     0.168069E+06
  0.229000E+04     0.169318E+06
  0.229100E+04     0.170106E+06
  0.229200E+04     0.170763E+06
  0.229300E+04     0.171128E+06
  0.229400E+04     0.171064E+06
  0.229500E+04     0.170570E+06
  0.229600E+04     0.169960E+06
  0.229700E+04     0.169157E+06
  0.229800E+04     0.168093E+06
  0.229900E+04     0.167482E+06
  0.230000E+04     0.167150E+06
  0.230100E+04     0.167039E+06
  0.230200E+04     0.167095E+06
  0.230300E+04     0.167564E+06
  0.230400E+04     0.168362E+06
  0.230500E+04     0.169216E+06
  0.230600E+04     0.169824E+06
  0.230700E+04     0.170316E+06
  0.230800E+04     0.170829E+06
  0.230900E+04     0.171487E+06
  0.231000E+04     0.172448E+06
  0.231100E+04     0.173316E+06
  0.231200E+04     0.174409E+06
  0.231300E+04     0.175573E+06
  0.231400E+04     0.176586E+06
  0.231500E+04     0.177591E+06
  0.231600E+04     0.177876E+06
  0.231700E+04     0.177811E+06
  0.231800E+04     0.177974E+06
  0.231900E+04     0.177564E+06
  0.232000E+04     0.177233E+06
  0.232100E+04     0.176895E+06
  0.232200E+04     0.176352E+06
  0.232300E+04     0.176263E+06
  0.232400E+04     0.176318E+06
  0.232500E+04     0.176355E+06
  0.232600E+04     0.176135E+06
  0.232700E+04     0.175814E+06
  0.232800E+04     0.175567E+06
  0.232900E+04     0.175398E+06
  0.233000E+04     0.175294E+06
  0.233100E+04     0.175544E+06
  0.233200E+04     0.175868E+06
  0.233300E+04     0.176227E+06
  0.233400E+04     0.176601E+06
  0.233500E+04     0.177454E+06
  0.233600E+04     0.178491E+06
  0.233700E+04     0.179798E+06
  0.233800E+04     0.181618E+06
  0.233900E+04     0.183668E+06
  0.234000E+04     0.185829E+06
  0.234100E+04     0.188129E+06
  0.234200E+04     0.190660E+06
  0.234300E+04     0.193745E+06
  0.234400E+04     0.197295E+06
  0.234500E+04     0.201063E+06
  0.234600E+04     0.204551E+06
  0.234700E+04     0.208235E+06
  0.234800E+04     0.211363E+06
  0.234900E+04     0.213844E+06
  0.235000E+04     0.215649E+06
  0.235100E+04     0.216282E+06
  0.235200E+04     0.216191E+06
  0.235300E+04     0.215248E+06
  0.235400E+04     0.212991E+06
  0.235500E+04     0.210126E+06
  0.235600E+04     0.207185E+06
  0.235700E+04     0.204351E+06
  0.235800E+04     0.201896E+06
  0.235900E+04     0.199364E+06
  0.236000E+04     0.197060E+06
  0.236100E+04     0.195244E+06
  0.236200E+04     0.194449E+06
  0.236300E+04     0.194525E+06
  0.236400E+04     0.194963E+06
  0.236500E+04     0.195877E+06
  0.236600E+04     0.197696E+06
  0.236700E+04     0.200467E+06
  0.236800E+04     0.203019E+06
  0.236900E+04     0.205159E+06
  0.237000E+04     0.206759E+06
  0.237100E+04     0.206987E+06
  0.237200E+04     0.206461E+06
  0.237300E+04     0.205161E+06
  0.237400E+04     0.202838E+06
  0.237500E+04     0.199569E+06
  0.237600E+04     0.196035E+06
  0.237700E+04     0.192496E+06
  0.237800E+04     0.189327E+06
  0.237900E+04     0.186071E+06
  0.238000E+04     0.183218E+06
  0.238100E+04     0.180722E+06
  0.238200E+04     0.178402E+06
  0.238300E+04     0.176410E+06
  0.238400E+04     0.174825E+06
  0.238500E+04     0.173594E+06
  0.238600E+04     0.172607E+06
  0.238700E+04     0.171671E+06
  0.238800E+04     0.171055E+06
  0.238900E+04     0.170630E+06
  0.239000E+04     0.170130E+06
  0.239100E+04     0.169744E+06
  0.239200E+04     0.169367E+06
  0.239300E+04     0.169083E+06
  0.239400E+04     0.169054E+06
  0.239500E+04     0.169077E+06
  0.239600E+04     0.169022E+06
  0.239700E+04     0.168947E+06
  0.239800E+04     0.168962E+06
  0.239900E+04     0.168945E+06
  0.240000E+04     0.169150E+06
  0.240100E+04     0.169398E+06
  0.240200E+04     0.169407E+06
  0.240300E+04     0.169020E+06
  0.240400E+04     0.168681E+06
  0.240500E+04     0.168539E+06
  0.240600E+04     0.168775E+06
  0.240700E+04     0.168742E+06
  0.240800E+04     0.168704E+06
  0.240900E+04     0.168793E+06
  0.241000E+04     0.169161E+06
  0.241100E+04     0.168930E+06
  0.241200E+04     0.168971E+06
  0.241300E+04     0.169191E+06
  0.241400E+04     0.169464E+06
  0.241500E+04     0.169995E+06
  0.241600E+04     0.171269E+06
  0.241700E+04     0.172428E+06
  0.241800E+04     0.172611E+06
  0.241900E+04     0.172218E+06
  0.242000E+04     0.172386E+06
  0.242100E+04     0.172891E+06
  0.242200E+04     0.173536E+06
  0.242300E+04     0.174518E+06
  0.242400E+04     0.175571E+06
  0.242500E+04     0.176802E+06
  0.242600E+04     0.178294E+06
  0.242700E+04     0.179904E+06
  0.242800E+04     0.182006E+06
  0.242900E+04     0.184093E+06
  0.243000E+04     0.185811E+06
  0.243100E+04     0.187211E+06
  0.243200E+04     0.188194E+06
  0.243300E+04     0.188948E+06
  0.243400E+04     0.189564E+06
  0.243500E+04     0.189825E+06
  0.243600E+04     0.189991E+06
  0.243700E+04     0.190266E+06
  0.243800E+04     0.190813E+06
  0.243900E+04     0.192098E+06
  0.244000E+04     0.192943E+06
  0.244100E+04     0.193464E+06
  0.244200E+04     0.193775E+06
  0.244300E+04     0.194358E+06
  0.244400E+04     0.195158E+06
  0.244500E+04     0.196217E+06
  0.244600E+04     0.197427E+06
  0.244700E+04     0.198073E+06
  0.244800E+04     0.199359E+06
  0.244900E+04     0.201270E+06
  0.245000E+04     0.203805E+06
  0.245100E+04     0.206960E+06
  0.245200E+04     0.209734E+06
  0.245300E+04     0.212762E+06
  0.245400E+04     0.216095E+06
  0.245500E+04     0.219301E+06
  0.245600E+04     0.222048E+06
  0.245700E+04     0.224215E+06
  0.245800E+04     0.225690E+06
  0.245900E+04     0.226197E+06
  0.246000E+04     0.225303E+06
  0.246100E+04     0.223261E+06
  0.246200E+04     0.220236E+06
  0.246300E+04     0.216498E+06
  0.246400E+04     0.212689E+06
  0.246500E+04     0.208880E+06
  0.246600E+04     0.205177E+06
  0.246700E+04     0.201772E+06
  0.246800E+04     0.198779E+06
  0.246900E+04     0.196201E+06
  0.247000E+04     0.193936E+06
  0.247100E+04     0.191832E+06
  0.247200E+04     0.190236E+06
  0.247300E+04     0.188835E+06
  0.247400E+04     0.187685E+06
  0.247500E+04     0.186882E+06
  0.247600E+04     0.185850E+06
  0.247700E+04     0.185384E+06
  0.247800E+04     0.185244E+06
  0.247900E+04     0.185153E+06
  0.248000E+04     0.184718E+06
  0.248100E+04     0.184641E+06
  0.248200E+04     0.184905E+06
  0.248300E+04     0.185475E+06
  0.248400E+04     0.185769E+06
  0.248500E+04     0.186619E+06
  0.248600E+04     0.187411E+06
  0.248700E+04     0.187775E+06
  0.248800E+04     0.188220E+06
  0.248900E+04     0.188327E+06
  0.249000E+04     0.187998E+06
  0.249100E+04     0.187292E+06
  0.249200E+04     0.187132E+06
  0.249300E+04     0.186444E+06
  0.249400E+04     0.185719E+06
  0.249500E+04     0.185029E+06
  0.249600E+04     0.183710E+06
  0.249700E+04     0.183084E+06
  0.249800E+04     0.182614E+06
  0.249900E+04     0.182124E+06
  0.250000E+04     0.181545E+06
  0.250100E+04     0.181487E+06
  0.250200E+04     0.181386E+06
  0.250300E+04     0.181335E+06
  0.250400E+04     0.181972E+06
  0.250500E+04     0.182055E+06
  0.250600E+04     0.182224E+06
  0.250700E+04     0.182582E+06
  0.250800E+04     0.183143E+06
  0.250900E+04     0.183890E+06
  0.251000E+04     0.184489E+06
  0.251100E+04     0.185042E+06
  0.251200E+04     0.185771E+06
  0.251300E+04     0.186622E+06
  0.251400E+04     0.187253E+06
  0.251500E+04     0.187609E+06
  0.251600E+04     0.187648E+06
  0.251700E+04     0.188060E+06
  0.251800E+04     0.188204E+06
  0.251900E+04     0.188484E+06
  0.252000E+04     0.189272E+06
  0.252100E+04     0.190356E+06
  0.252200E+04     0.191767E+06
  0.252300E+04     0.193625E+06
  0.252400E+04     0.196013E+06
  0.252500E+04     0.198938E+06
  0.252600E+04     0.201261E+06
  0.252700E+04     0.203126E+06
  0.252800E+04     0.204718E+06
  0.252900E+04     0.206861E+06
  0.253000E+04     0.207842E+06
  0.253100E+04     0.208128E+06
  0.253200E+04     0.207758E+06
  0.253300E+04     0.206172E+06
  0.253400E+04     0.204628E+06
  0.253500E+04     0.202986E+06
  0.253600E+04     0.201156E+06
  0.253700E+04     0.198959E+06
  0.253800E+04     0.197216E+06
  0.253900E+04     0.195560E+06
  0.254000E+04     0.194084E+06
  0.254100E+04     0.193112E+06
  0.254200E+04     0.191869E+06
  0.254300E+04     0.191136E+06
  0.254400E+04     0.190702E+06
  0.254500E+04     0.190137E+06
  0.254600E+04     0.190292E+06
  0.254700E+04     0.190457E+06
  0.254800E+04     0.190680E+06
  0.254900E+04     0.191035E+06
  0.255000E+04     0.191350E+06
  0.255100E+04     0.192026E+06
  0.255200E+04     0.192921E+06
  0.255300E+04     0.193914E+06
  0.255400E+04     0.194893E+06
  0.255500E+04     0.195923E+06
  0.255600E+04     0.197026E+06
  0.255700E+04     0.198169E+06
  0.255800E+04     0.199013E+06
  0.255900E+04     0.199667E+06
  0.256000E+04     0.200388E+06
  0.256100E+04     0.201173E+06
  0.256200E+04     0.201599E+06
  0.256300E+04     0.202276E+06
  0.256400E+04     0.202981E+06
  0.256500E+04     0.203784E+06
  0.256600E+04     0.205039E+06
  0.256700E+04     0.206581E+06
  0.256800E+04     0.208328E+06
  0.256900E+04     0.210503E+06
  0.257000E+04     0.213558E+06
  0.257100E+04     0.216827E+06
  0.257200E+04     0.220336E+06
  0.257300E+04     0.224182E+06
  0.257400E+04     0.228477E+06
  0.257500E+04     0.233491E+06
  0.257600E+04     0.238276E+06
  0.257700E+04     0.242818E+06
  0.257800E+04     0.247097E+06
  0.257900E+04     0.250709E+06
  0.258000E+04     0.253274E+06
  0.258100E+04     0.254789E+06
  0.258200E+04     0.255298E+06
  0.258300E+04     0.255180E+06
  0.258400E+04     0.254299E+06
  0.258500E+04     0.253099E+06
  0.258600E+04     0.251804E+06
  0.258700E+04     0.250664E+06
  0.258800E+04     0.250229E+06
  0.258900E+04     0.250458E+06
  0.259000E+04     0.251294E+06
  0.259100E+04     0.252610E+06
  0.259200E+04     0.255173E+06
  0.259300E+04     0.258141E+06
  0.259400E+04     0.261546E+06
  0.259500E+04     0.265637E+06
  0.259600E+04     0.269917E+06
  0.259700E+04     0.274896E+06
  0.259800E+04     0.280453E+06
  0.259900E+04     0.286404E+06
  0.260000E+04     0.292697E+06
  0.260100E+04     0.297951E+06
  0.260200E+04     0.302352E+06
  0.260300E+04     0.306018E+06
  0.260400E+04     0.308484E+06
  0.260500E+04     0.308920E+06
  0.260600E+04     0.308390E+06
  0.260700E+04     0.307298E+06
  0.260800E+04     0.305056E+06
  0.260900E+04     0.302246E+06
  0.261000E+04     0.299298E+06
  0.261100E+04     0.296140E+06
  0.261200E+04     0.292126E+06
  0.261300E+04     0.288015E+06
  0.261400E+04     0.283969E+06
  0.261500E+04     0.280223E+06
  0.261600E+04     0.277187E+06
  0.261700E+04     0.274785E+06
  0.261800E+04     0.273158E+06
  0.261900E+04     0.272288E+06
  0.262000E+04     0.272116E+06
  0.262100E+04     0.273177E+06
  0.262200E+04     0.274799E+06
  0.262300E+04     0.276796E+06
  0.262400E+04     0.279053E+06
  0.262500E+04     0.282122E+06
  0.262600E+04     0.286796E+06
  0.262700E+04     0.293919E+06
  0.262800E+04     0.304911E+06
  0.262900E+04     0.325437E+06
  0.263000E+04     0.358652E+06
  0.263100E+04     0.397463E+06
  0.263200E+04     0.436803E+06
  0.263300E+04     0.467283E+06
  0.263400E+04     0.482925E+06
  0.263500E+04     0.484018E+06
  0.263600E+04     0.469076E+06
  0.263700E+04     0.435528E+06
  0.263800E+04     0.389144E+06
  0.263900E+04     0.347301E+06
  0.264000E+04     0.313694E+06
  0.264100E+04     0.291144E+06
  0.264200E+04     0.280693E+06
  0.264300E+04     0.275411E+06
  0.264400E+04     0.273743E+06
  0.264500E+04     0.274546E+06
  0.264600E+04     0.277334E+06
  0.264700E+04     0.281635E+06
  0.264800E+04     0.286901E+06
  0.264900E+04     0.293232E+06
  0.265000E+04     0.301936E+06
  0.265100E+04     0.312407E+06
  0.265200E+04     0.324610E+06
  0.265300E+04     0.338901E+06
  0.265400E+04     0.356099E+06
  0.265500E+04     0.377637E+06
  0.265600E+04     0.402704E+06
  0.265700E+04     0.432437E+06
  0.265800E+04     0.468253E+06
  0.265900E+04     0.512691E+06
  0.266000E+04     0.564882E+06
  0.266100E+04     0.622657E+06
  0.266200E+04     0.683479E+06
  0.266300E+04     0.739534E+06
  0.266400E+04     0.782830E+06
  0.266500E+04     0.810184E+06
  0.266600E+04     0.819123E+06
  0.266700E+04     0.804461E+06
  0.266800E+04     0.769876E+06
  0.266900E+04     0.725047E+06
  0.267000E+04     0.674669E+06
  0.267100E+04     0.624715E+06
  0.267200E+04     0.580118E+06
  0.267300E+04     0.542035E+06
  0.267400E+04     0.509568E+06
  0.267500E+04     0.481100E+06
  0.267600E+04     0.456968E+06
  0.267700E+04     0.437478E+06
  0.267800E+04     0.421642E+06
  0.267900E+04     0.408722E+06
  0.268000E+04     0.401440E+06
  0.268100E+04     0.398562E+06
  0.268200E+04     0.399882E+06
  0.268300E+04     0.405193E+06
  0.268400E+04     0.414018E+06
  0.268500E+04     0.426519E+06
  0.268600E+04     0.439362E+06
  0.268700E+04     0.451170E+06
  0.268800E+04     0.460523E+06
  0.268900E+04     0.465946E+06
  0.269000E+04     0.469385E+06
  0.269100E+04     0.472292E+06
  0.269200E+04     0.476361E+06
  0.269300E+04     0.485213E+06
  0.269400E+04     0.502599E+06
  0.269500E+04     0.525699E+06
  0.269600E+04     0.551556E+06
  0.269700E+04     0.574064E+06
  0.269800E+04     0.585688E+06
  0.269900E+04     0.586000E+06
  0.270000E+04     0.574326E+06
  0.270100E+04     0.548482E+06
  0.270200E+04     0.510316E+06
  0.270300E+04     0.469072E+06
  0.270400E+04     0.429040E+06
  0.270500E+04     0.395268E+06
  0.270600E+04     0.370790E+06
  0.270700E+04     0.351324E+06
  0.270800E+04     0.335826E+06
  0.270900E+04     0.323285E+06
  0.271000E+04     0.312904E+06
  0.271100E+04     0.303984E+06
  0.271200E+04     0.296030E+06
  0.271300E+04     0.288697E+06
  0.271400E+04     0.281868E+06
  0.271500E+04     0.275736E+06
  0.271600E+04     0.270469E+06
  0.271700E+04     0.265990E+06
  0.271800E+04     0.261910E+06
  0.271900E+04     0.258641E+06
  0.272000E+04     0.255691E+06
  0.272100E+04     0.253051E+06
  0.272200E+04     0.250800E+06
  0.272300E+04     0.249409E+06
  0.272400E+04     0.247837E+06
  0.272500E+04     0.246508E+06
  0.272600E+04     0.245744E+06
  0.272700E+04     0.244982E+06
  0.272800E+04     0.244583E+06
  0.272900E+04     0.244112E+06
  0.273000E+04     0.243440E+06
  0.273100E+04     0.242828E+06
  0.273200E+04     0.242533E+06
  0.273300E+04     0.241843E+06
  0.273400E+04     0.240924E+06
  0.273500E+04     0.240406E+06
  0.273600E+04     0.239603E+06
  0.273700E+04     0.239050E+06
  0.273800E+04     0.238518E+06
  0.273900E+04     0.237785E+06
  0.274000E+04     0.238048E+06
  0.274100E+04     0.238103E+06
  0.274200E+04     0.238252E+06
  0.274300E+04     0.238608E+06
  0.274400E+04     0.238909E+06
  0.274500E+04     0.239181E+06
  0.274600E+04     0.239587E+06
  0.274700E+04     0.240211E+06
  0.274800E+04     0.241152E+06
  0.274900E+04     0.241953E+06
  0.275000E+04     0.243204E+06
  0.275100E+04     0.244503E+06
  0.275200E+04     0.245321E+06
  0.275300E+04     0.246304E+06
  0.275400E+04     0.247595E+06
  0.275500E+04     0.248869E+06
  0.275600E+04     0.250045E+06
  0.275700E+04     0.251955E+06
  0.275800E+04     0.253467E+06
  0.275900E+04     0.254927E+06
  0.276000E+04     0.256554E+06
  0.276100E+04     0.258658E+06
  0.276200E+04     0.260774E+06
  0.276300E+04     0.263287E+06
  0.276400E+04     0.266098E+06
  0.276500E+04     0.269019E+06
  0.276600E+04     0.272495E+06
  0.276700E+04     0.275676E+06
  0.276800E+04     0.278698E+06
  0.276900E+04     0.281531E+06
  0.277000E+04     0.283280E+06
  0.277100E+04     0.284513E+06
  0.277200E+04     0.285441E+06
  0.277300E+04     0.286093E+06
  0.277400E+04     0.286370E+06
  0.277500E+04     0.287337E+06
  0.277600E+04     0.288327E+06
  0.277700E+04     0.289436E+06
  0.277800E+04     0.290876E+06
  0.277900E+04     0.293103E+06
  0.278000E+04     0.295919E+06
  0.278100E+04     0.299180E+06
  0.278200E+04     0.302795E+06
  0.278300E+04     0.306853E+06
  0.278400E+04     0.311664E+06
  0.278500E+04     0.316552E+06
  0.278600E+04     0.321472E+06
  0.278700E+04     0.326820E+06
  0.278800E+04     0.332330E+06
  0.278900E+04     0.338439E+06
  0.279000E+04     0.344664E+06
  0.279100E+04     0.350460E+06
  0.279200E+04     0.359180E+06
  0.279300E+04     0.369360E+06
  0.279400E+04     0.381609E+06
  0.279500E+04     0.396417E+06
  0.279600E+04     0.414763E+06
  0.279700E+04     0.433851E+06
  0.279800E+04     0.451778E+06
  0.279900E+04     0.466574E+06
  0.280000E+04     0.474959E+06
  0.280100E+04     0.477129E+06
  0.280200E+04     0.473640E+06
  0.280300E+04     0.465611E+06
  0.280400E+04     0.454517E+06
  0.280500E+04     0.443206E+06
  0.280600E+04     0.436129E+06
  0.280700E+04     0.432843E+06
  0.280800E+04     0.432953E+06
  0.280900E+04     0.435893E+06
  0.281000E+04     0.441424E+06
  0.281100E+04     0.448795E+06
  0.281200E+04     0.457890E+06
  0.281300E+04     0.468708E+06
  0.281400E+04     0.480451E+06
  0.281500E+04     0.493250E+06
  0.281600E+04     0.506963E+06
  0.281700E+04     0.521490E+06
  0.281800E+04     0.537506E+06
  0.281900E+04     0.556550E+06
  0.282000E+04     0.578020E+06
  0.282100E+04     0.601760E+06
  0.282200E+04     0.628026E+06
  0.282300E+04     0.658694E+06
  0.282400E+04     0.692446E+06
  0.282500E+04     0.728957E+06
  0.282600E+04     0.767887E+06
  0.282700E+04     0.810688E+06
  0.282800E+04     0.856478E+06
  0.282900E+04     0.904611E+06
  0.283000E+04     0.955234E+06
  0.283100E+04     0.101223E+07
  0.283200E+04     0.107627E+07
  0.283300E+04     0.114893E+07
  0.283400E+04     0.123181E+07
  0.283500E+04     0.132728E+07
  0.283600E+04     0.144342E+07
  0.283700E+04     0.157954E+07
  0.283800E+04     0.174050E+07
  0.283900E+04     0.193178E+07
  0.284000E+04     0.217856E+07
  0.284100E+04     0.248310E+07
  0.284200E+04     0.285454E+07
  0.284300E+04     0.330441E+07
  0.284400E+04     0.386198E+07
  0.284500E+04     0.456972E+07
  0.284600E+04     0.542063E+07
  0.284700E+04     0.642268E+07
  0.284800E+04     0.758038E+07
  0.284900E+04     0.888753E+07
  0.285000E+04     0.101800E+08
  0.285100E+04     0.113527E+08
  0.285200E+04     0.123055E+08
  0.285300E+04     0.128263E+08
  0.285400E+04     0.128447E+08
  0.285500E+04     0.124470E+08
  0.285600E+04     0.116762E+08
  0.285700E+04     0.105848E+08
  0.285800E+04     0.933918E+07
  0.285900E+04     0.813204E+07
  0.286000E+04     0.702469E+07
  0.286100E+04     0.606504E+07
  0.286200E+04     0.531272E+07
  0.286300E+04     0.472658E+07
  0.286400E+04     0.427028E+07
  0.286500E+04     0.392709E+07
  0.286600E+04     0.369163E+07
  0.286700E+04     0.354481E+07
  0.286800E+04     0.344963E+07
  0.286900E+04     0.339187E+07
  0.287000E+04     0.335706E+07
  0.287100E+04     0.333222E+07
  0.287200E+04     0.329773E+07
  0.287300E+04     0.325461E+07
  0.287400E+04     0.320335E+07
  0.287500E+04     0.314277E+07
  0.287600E+04     0.308393E+07
  0.287700E+04     0.303513E+07
  0.287800E+04     0.300286E+07
  0.287900E+04     0.299450E+07
  0.288000E+04     0.302837E+07
  0.288100E+04     0.309215E+07
  0.288200E+04     0.318846E+07
  0.288300E+04     0.331680E+07
  0.288400E+04     0.346827E+07
  0.288500E+04     0.363223E+07
  0.288600E+04     0.378468E+07
  0.288700E+04     0.391556E+07
  0.288800E+04     0.401806E+07
  0.288900E+04     0.407693E+07
  0.289000E+04     0.410917E+07
  0.289100E+04     0.412297E+07
  0.289200E+04     0.412716E+07
  0.289300E+04     0.413587E+07
  0.289400E+04     0.415491E+07
  0.289500E+04     0.418266E+07
  0.289600E+04     0.421381E+07
  0.289700E+04     0.423518E+07
  0.289800E+04     0.423619E+07
  0.289900E+04     0.422327E+07
  0.290000E+04     0.419620E+07
  0.290100E+04     0.415545E+07
  0.290200E+04     0.411388E+07
  0.290300E+04     0.408091E+07
  0.290400E+04     0.406030E+07
  0.290500E+04     0.405637E+07
  0.290600E+04     0.407879E+07
  0.290700E+04     0.413153E+07
  0.290800E+04     0.421436E+07
  0.290900E+04     0.432632E+07
  0.291000E+04     0.446525E+07
  0.291100E+04     0.465562E+07
  0.291200E+04     0.488132E+07
  0.291300E+04     0.514510E+07
  0.291400E+04     0.545268E+07
  0.291500E+04     0.582560E+07
  0.291600E+04     0.627936E+07
  0.291700E+04     0.680107E+07
  0.291800E+04     0.739055E+07
  0.291900E+04     0.804649E+07
  0.292000E+04     0.874112E+07
  0.292100E+04     0.938561E+07
  0.292200E+04     0.994003E+07
  0.292300E+04     0.103616E+08
  0.292400E+04     0.105455E+08
  0.292500E+04     0.104772E+08
  0.292600E+04     0.102213E+08
  0.292700E+04     0.981806E+07
  0.292800E+04     0.931948E+07
  0.292900E+04     0.884838E+07
  0.293000E+04     0.849371E+07
  0.293100E+04     0.830155E+07
  0.293200E+04     0.830795E+07
  0.293300E+04     0.857921E+07
  0.293400E+04     0.906831E+07
  0.293500E+04     0.966637E+07
  0.293600E+04     0.102998E+08
  0.293700E+04     0.108822E+08
  0.293800E+04     0.111972E+08
  0.293900E+04     0.112331E+08
  0.294000E+04     0.109748E+08
  0.294100E+04     0.104259E+08
  0.294200E+04     0.959619E+07
  0.294300E+04     0.863593E+07
  0.294400E+04     0.766630E+07
  0.294500E+04     0.674396E+07
  0.294600E+04     0.591672E+07
  0.294700E+04     0.524335E+07
  0.294800E+04     0.467467E+07
  0.294900E+04     0.419568E+07
  0.295000E+04     0.379256E+07
  0.295100E+04     0.346554E+07
  0.295200E+04     0.319204E+07
  0.295300E+04     0.295445E+07
  0.295400E+04     0.274696E+07
  0.295500E+04     0.256504E+07
  0.295600E+04     0.241125E+07
  0.295700E+04     0.227028E+07
  0.295800E+04     0.214198E+07
  0.295900E+04     0.202609E+07
  0.296000E+04     0.192371E+07
  0.296100E+04     0.182786E+07
  0.296200E+04     0.173908E+07
  0.296300E+04     0.165689E+07
  0.296400E+04     0.157990E+07
  0.296500E+04     0.150657E+07
  0.296600E+04     0.143904E+07
  0.296700E+04     0.137631E+07
  0.296800E+04     0.131773E+07
  0.296900E+04     0.126454E+07
  0.297000E+04     0.121418E+07
  0.297100E+04     0.116839E+07
  0.297200E+04     0.112699E+07
  0.297300E+04     0.108885E+07
  0.297400E+04     0.105265E+07
  0.297500E+04     0.101910E+07
  0.297600E+04     0.987916E+06
  0.297700E+04     0.958664E+06
  0.297800E+04     0.930698E+06
  0.297900E+04     0.905712E+06
  0.298000E+04     0.881543E+06
  0.298100E+04     0.858540E+06
  0.298200E+04     0.837625E+06
  0.298300E+04     0.818481E+06
  0.298400E+04     0.800261E+06
  0.298500E+04     0.783241E+06
  0.298600E+04     0.767213E+06
  0.298700E+04     0.750963E+06
  0.298800E+04     0.735914E+06
  0.298900E+04     0.721740E+06
  0.299000E+04     0.708530E+06
  0.299100E+04     0.696332E+06
  0.299200E+04     0.684052E+06
  0.299300E+04     0.674045E+06
  0.299400E+04     0.664439E+06
  0.299500E+04     0.654817E+06
  0.299600E+04     0.646439E+06
  0.299700E+04     0.637056E+06
  0.299800E+04     0.627631E+06
  0.299900E+04     0.618063E+06
  0.300000E+04     0.608305E+06
  0.300100E+04     0.600033E+06
  0.300200E+04     0.590909E+06
  0.300300E+04     0.582682E+06
  0.300400E+04     0.575632E+06
  0.300500E+04     0.568926E+06
  0.300600E+04     0.562692E+06
  0.300700E+04     0.557445E+06
  0.300800E+04     0.552405E+06
  0.300900E+04     0.546967E+06
  0.301000E+04     0.541807E+06
  0.301100E+04     0.537125E+06
  0.301200E+04     0.531566E+06
  0.301300E+04     0.525278E+06
  0.301400E+04     0.519244E+06
  0.301500E+04     0.513032E+06
  0.301600E+04     0.507115E+06
  0.301700E+04     0.501185E+06
  0.301800E+04     0.495151E+06
  0.301900E+04     0.489631E+06
  0.302000E+04     0.484260E+06
  0.302100E+04     0.479168E+06
  0.302200E+04     0.474434E+06
  0.302300E+04     0.470084E+06
  0.302400E+04     0.464856E+06
  0.302500E+04     0.460779E+06
  0.302600E+04     0.456879E+06
  0.302700E+04     0.452843E+06
  0.302800E+04     0.449308E+06
  0.302900E+04     0.444710E+06
  0.303000E+04     0.440970E+06
  0.303100E+04     0.437936E+06
  0.303200E+04     0.435083E+06
  0.303300E+04     0.431317E+06
  0.303400E+04     0.428201E+06
  0.303500E+04     0.425457E+06
  0.303600E+04     0.422514E+06
  0.303700E+04     0.418296E+06
  0.303800E+04     0.414569E+06
  0.303900E+04     0.411324E+06
  0.304000E+04     0.408320E+06
  0.304100E+04     0.405228E+06
  0.304200E+04     0.401243E+06
  0.304300E+04     0.397881E+06
  0.304400E+04     0.394925E+06
  0.304500E+04     0.392203E+06
  0.304600E+04     0.389508E+06
  0.304700E+04     0.386788E+06
  0.304800E+04     0.383518E+06
  0.304900E+04     0.380356E+06
  0.305000E+04     0.377703E+06
  0.305100E+04     0.375681E+06
  0.305200E+04     0.372786E+06
  0.305300E+04     0.369995E+06
  0.305400E+04     0.367457E+06
  0.305500E+04     0.365210E+06
  0.305600E+04     0.363573E+06
  0.305700E+04     0.361649E+06
  0.305800E+04     0.359783E+06
  0.305900E+04     0.358011E+06
  0.306000E+04     0.356140E+06
  0.306100E+04     0.354622E+06
  0.306200E+04     0.352821E+06
  0.306300E+04     0.350915E+06
  0.306400E+04     0.349047E+06
  0.306500E+04     0.347130E+06
  0.306600E+04     0.344814E+06
  0.306700E+04     0.342480E+06
  0.306800E+04     0.340616E+06
  0.306900E+04     0.339671E+06
  0.307000E+04     0.335804E+06
