  0.229000E+03     0.163728E+06
  0.230000E+03     0.163689E+06
  0.231000E+03     0.163702E+06
  0.232000E+03     0.163739E+06
  0.233000E+03     0.163688E+06
  0.234000E+03     0.163697E+06
  0.235000E+03     0.163752E+06
  0.236000E+03     0.163858E+06
  0.237000E+03     0.163892E+06
  0.238000E+03     0.163882E+06
  0.239000E+03     0.164049E+06
  0.240000E+03     0.164288E+06
  0.241000E+03     0.164566E+06
  0.242000E+03     0.164479E+06
  0.243000E+03     0.164506E+06
  0.244000E+03     0.164628E+06
  0.245000E+03     0.164717E+06
  0.246000E+03     0.164952E+06
  0.247000E+03     0.165305E+06
  0.248000E+03     0.165239E+06
  0.249000E+03     0.165283E+06
  0.250000E+03     0.165430E+06
  0.251000E+03     0.165506E+06
  0.252000E+03     0.165626E+06
  0.253000E+03     0.165791E+06
  0.254000E+03     0.166028E+06
  0.255000E+03     0.166304E+06
  0.256000E+03     0.166623E+06
  0.257000E+03     0.166816E+06
  0.258000E+03     0.167128E+06
  0.259000E+03     0.167568E+06
  0.260000E+03     0.167779E+06
  0.261000E+03     0.168031E+06
  0.262000E+03     0.168332E+06
  0.263000E+03     0.169105E+06
  0.264000E+03     0.169616E+06
  0.265000E+03     0.169804E+06
  0.266000E+03     0.170385E+06
  0.267000E+03     0.170976E+06
  0.268000E+03     0.171559E+06
  0.269000E+03     0.172013E+06
  0.270000E+03     0.172606E+06
  0.271000E+03     0.173378E+06
  0.272000E+03     0.174055E+06
  0.273000E+03     0.174755E+06
  0.274000E+03     0.175493E+06
  0.275000E+03     0.176310E+06
  0.276000E+03     0.177464E+06
  0.277000E+03     0.179060E+06
  0.278000E+03     0.180653E+06
  0.279000E+03     0.182408E+06
  0.280000E+03     0.184384E+06
  0.281000E+03     0.186783E+06
  0.282000E+03     0.189844E+06
  0.283000E+03     0.193783E+06
  0.284000E+03     0.197156E+06
  0.285000E+03     0.201058E+06
  0.286000E+03     0.205800E+06
  0.287000E+03     0.212392E+06
  0.288000E+03     0.220231E+06
  0.289000E+03     0.229629E+06
  0.290000E+03     0.242714E+06
  0.291000E+03     0.258008E+06
  0.292000E+03     0.276024E+06
  0.293000E+03     0.296982E+06
  0.294000E+03     0.318225E+06
  0.295000E+03     0.339381E+06
  0.296000E+03     0.357032E+06
  0.297000E+03     0.370515E+06
  0.298000E+03     0.378139E+06
  0.299000E+03     0.376075E+06
  0.300000E+03     0.368834E+06
  0.301000E+03     0.355304E+06
  0.302000E+03     0.335493E+06
  0.303000E+03     0.314376E+06
  0.304000E+03     0.292479E+06
  0.305000E+03     0.273226E+06
  0.306000E+03     0.255979E+06
  0.307000E+03     0.241424E+06
  0.308000E+03     0.230426E+06
  0.309000E+03     0.221042E+06
  0.310000E+03     0.213507E+06
  0.311000E+03     0.207787E+06
  0.312000E+03     0.202818E+06
  0.313000E+03     0.198673E+06
  0.314000E+03     0.195621E+06
  0.315000E+03     0.192985E+06
  0.316000E+03     0.190783E+06
  0.317000E+03     0.189256E+06
  0.318000E+03     0.187750E+06
  0.319000E+03     0.186118E+06
  0.320000E+03     0.185459E+06
  0.321000E+03     0.184685E+06
  0.322000E+03     0.183482E+06
  0.323000E+03     0.182385E+06
  0.324000E+03     0.181602E+06
  0.325000E+03     0.181321E+06
  0.326000E+03     0.180996E+06
  0.327000E+03     0.180604E+06
  0.328000E+03     0.180110E+06
  0.329000E+03     0.179906E+06
  0.330000E+03     0.179716E+06
  0.331000E+03     0.179478E+06
  0.332000E+03     0.179556E+06
  0.333000E+03     0.179697E+06
  0.334000E+03     0.179866E+06
  0.335000E+03     0.179970E+06
  0.336000E+03     0.180163E+06
  0.337000E+03     0.180520E+06
  0.338000E+03     0.180703E+06
  0.339000E+03     0.181155E+06
  0.340000E+03     0.182079E+06
  0.341000E+03     0.183041E+06
  0.342000E+03     0.183999E+06
  0.343000E+03     0.184942E+06
  0.344000E+03     0.186045E+06
  0.345000E+03     0.187238E+06
  0.346000E+03     0.188540E+06
  0.347000E+03     0.190128E+06
  0.348000E+03     0.191679E+06
  0.349000E+03     0.193116E+06
  0.350000E+03     0.195223E+06
  0.351000E+03     0.197504E+06
  0.352000E+03     0.199928E+06
  0.353000E+03     0.202705E+06
  0.354000E+03     0.205748E+06
  0.355000E+03     0.209127E+06
  0.356000E+03     0.212864E+06
  0.357000E+03     0.217458E+06
  0.358000E+03     0.223241E+06
  0.359000E+03     0.229420E+06
  0.360000E+03     0.236653E+06
  0.361000E+03     0.245329E+06
  0.362000E+03     0.255559E+06
  0.363000E+03     0.267304E+06
  0.364000E+03     0.280945E+06
  0.365000E+03     0.297393E+06
  0.366000E+03     0.314739E+06
  0.367000E+03     0.332979E+06
  0.368000E+03     0.351840E+06
  0.369000E+03     0.370274E+06
  0.370000E+03     0.388092E+06
  0.371000E+03     0.401008E+06
  0.372000E+03     0.411205E+06
  0.373000E+03     0.418384E+06
  0.374000E+03     0.418195E+06
  0.375000E+03     0.414630E+06
  0.376000E+03     0.407463E+06
  0.377000E+03     0.396527E+06
  0.378000E+03     0.384292E+06
  0.379000E+03     0.370739E+06
  0.380000E+03     0.358207E+06
  0.381000E+03     0.346165E+06
  0.382000E+03     0.334634E+06
  0.383000E+03     0.324375E+06
  0.384000E+03     0.314633E+06
  0.385000E+03     0.305414E+06
  0.386000E+03     0.297338E+06
  0.387000E+03     0.289570E+06
  0.388000E+03     0.282103E+06
  0.389000E+03     0.274460E+06
  0.390000E+03     0.267382E+06
  0.391000E+03     0.260871E+06
  0.392000E+03     0.254829E+06
  0.393000E+03     0.248707E+06
  0.394000E+03     0.242530E+06
  0.395000E+03     0.237450E+06
  0.396000E+03     0.232362E+06
  0.397000E+03     0.227298E+06
  0.398000E+03     0.223172E+06
  0.399000E+03     0.218875E+06
  0.400000E+03     0.214461E+06
  0.401000E+03     0.210685E+06
  0.402000E+03     0.207325E+06
  0.403000E+03     0.204314E+06
  0.404000E+03     0.201463E+06
  0.405000E+03     0.198995E+06
  0.406000E+03     0.196823E+06
  0.407000E+03     0.194637E+06
  0.408000E+03     0.192727E+06
  0.409000E+03     0.191046E+06
  0.410000E+03     0.189666E+06
  0.411000E+03     0.188397E+06
  0.412000E+03     0.187212E+06
  0.413000E+03     0.186085E+06
  0.414000E+03     0.185110E+06
  0.415000E+03     0.184194E+06
  0.416000E+03     0.182967E+06
  0.417000E+03     0.181972E+06
  0.418000E+03     0.181155E+06
  0.419000E+03     0.180586E+06
  0.420000E+03     0.179922E+06
  0.421000E+03     0.179181E+06
  0.422000E+03     0.178312E+06
  0.423000E+03     0.177362E+06
  0.424000E+03     0.176417E+06
  0.425000E+03     0.175707E+06
  0.426000E+03     0.174825E+06
  0.427000E+03     0.173983E+06
  0.428000E+03     0.173718E+06
  0.429000E+03     0.173117E+06
  0.430000E+03     0.172470E+06
  0.431000E+03     0.172247E+06
  0.432000E+03     0.171856E+06
  0.433000E+03     0.171483E+06
  0.434000E+03     0.171433E+06
  0.435000E+03     0.171202E+06
  0.436000E+03     0.170878E+06
  0.437000E+03     0.170470E+06
  0.438000E+03     0.170293E+06
  0.439000E+03     0.170241E+06
  0.440000E+03     0.170321E+06
  0.441000E+03     0.170044E+06
  0.442000E+03     0.169578E+06
  0.443000E+03     0.168904E+06
  0.444000E+03     0.168420E+06
  0.445000E+03     0.167986E+06
  0.446000E+03     0.167547E+06
  0.447000E+03     0.167021E+06
  0.448000E+03     0.166532E+06
  0.449000E+03     0.166170E+06
  0.450000E+03     0.165755E+06
  0.451000E+03     0.165397E+06
  0.452000E+03     0.165173E+06
  0.453000E+03     0.164942E+06
  0.454000E+03     0.164705E+06
  0.455000E+03     0.164462E+06
  0.456000E+03     0.164139E+06
  0.457000E+03     0.164027E+06
  0.458000E+03     0.164285E+06
  0.459000E+03     0.164177E+06
  0.460000E+03     0.163896E+06
  0.461000E+03     0.163426E+06
  0.462000E+03     0.163567E+06
  0.463000E+03     0.163680E+06
  0.464000E+03     0.163675E+06
  0.465000E+03     0.164066E+06
  0.466000E+03     0.164417E+06
  0.467000E+03     0.164687E+06
  0.468000E+03     0.164496E+06
  0.469000E+03     0.164575E+06
  0.470000E+03     0.164979E+06
  0.471000E+03     0.165254E+06
  0.472000E+03     0.165594E+06
  0.473000E+03     0.166004E+06
  0.474000E+03     0.166689E+06
  0.475000E+03     0.167137E+06
  0.476000E+03     0.167379E+06
  0.477000E+03     0.167934E+06
  0.478000E+03     0.167878E+06
  0.479000E+03     0.167347E+06
  0.480000E+03     0.167348E+06
  0.481000E+03     0.167205E+06
  0.482000E+03     0.166924E+06
  0.483000E+03     0.166313E+06
  0.484000E+03     0.165915E+06
  0.485000E+03     0.165650E+06
  0.486000E+03     0.165302E+06
  0.487000E+03     0.165169E+06
  0.488000E+03     0.165121E+06
  0.489000E+03     0.164793E+06
  0.490000E+03     0.164751E+06
  0.491000E+03     0.164800E+06
  0.492000E+03     0.164536E+06
  0.493000E+03     0.164238E+06
  0.494000E+03     0.163937E+06
  0.495000E+03     0.163692E+06
  0.496000E+03     0.163555E+06
  0.497000E+03     0.163395E+06
  0.498000E+03     0.162994E+06
  0.499000E+03     0.162743E+06
  0.500000E+03     0.162483E+06
  0.501000E+03     0.162040E+06
  0.502000E+03     0.161908E+06
  0.503000E+03     0.161781E+06
  0.504000E+03     0.161427E+06
  0.505000E+03     0.161328E+06
  0.506000E+03     0.161250E+06
  0.507000E+03     0.161075E+06
  0.508000E+03     0.161060E+06
  0.509000E+03     0.161136E+06
  0.510000E+03     0.161322E+06
  0.511000E+03     0.161208E+06
  0.512000E+03     0.161169E+06
  0.513000E+03     0.161340E+06
  0.514000E+03     0.161081E+06
  0.515000E+03     0.160996E+06
  0.516000E+03     0.161247E+06
  0.517000E+03     0.161165E+06
  0.518000E+03     0.161347E+06
  0.519000E+03     0.161908E+06
  0.520000E+03     0.161898E+06
  0.521000E+03     0.161822E+06
  0.522000E+03     0.161703E+06
  0.523000E+03     0.161808E+06
  0.524000E+03     0.161882E+06
  0.525000E+03     0.161919E+06
  0.526000E+03     0.161804E+06
  0.527000E+03     0.161797E+06
  0.528000E+03     0.161877E+06
  0.529000E+03     0.161862E+06
  0.530000E+03     0.161824E+06
  0.531000E+03     0.161769E+06
  0.532000E+03     0.161720E+06
  0.533000E+03     0.161499E+06
  0.534000E+03     0.161184E+06
  0.535000E+03     0.161005E+06
  0.536000E+03     0.160783E+06
  0.537000E+03     0.160586E+06
  0.538000E+03     0.160657E+06
  0.539000E+03     0.160740E+06
  0.540000E+03     0.160788E+06
  0.541000E+03     0.160666E+06
  0.542000E+03     0.160572E+06
  0.543000E+03     0.160513E+06
  0.544000E+03     0.160537E+06
  0.545000E+03     0.160523E+06
  0.546000E+03     0.160500E+06
  0.547000E+03     0.160488E+06
  0.548000E+03     0.160465E+06
  0.549000E+03     0.160497E+06
  0.550000E+03     0.160664E+06
  0.551000E+03     0.160586E+06
  0.552000E+03     0.160540E+06
  0.553000E+03     0.160662E+06
  0.554000E+03     0.160880E+06
  0.555000E+03     0.160994E+06
  0.556000E+03     0.160911E+06
  0.557000E+03     0.160942E+06
  0.558000E+03     0.161099E+06
  0.559000E+03     0.161415E+06
  0.560000E+03     0.161604E+06
  0.561000E+03     0.161753E+06
  0.562000E+03     0.161864E+06
  0.563000E+03     0.162209E+06
  0.564000E+03     0.162440E+06
  0.565000E+03     0.162558E+06
  0.566000E+03     0.163181E+06
  0.567000E+03     0.163701E+06
  0.568000E+03     0.164123E+06
  0.569000E+03     0.164406E+06
  0.570000E+03     0.164837E+06
  0.571000E+03     0.165393E+06
  0.572000E+03     0.166118E+06
  0.573000E+03     0.167140E+06
  0.574000E+03     0.168307E+06
  0.575000E+03     0.169234E+06
  0.576000E+03     0.170215E+06
  0.577000E+03     0.171193E+06
  0.578000E+03     0.172028E+06
  0.579000E+03     0.172789E+06
  0.580000E+03     0.173383E+06
  0.581000E+03     0.173494E+06
  0.582000E+03     0.173671E+06
  0.583000E+03     0.173849E+06
  0.584000E+03     0.173967E+06
  0.585000E+03     0.174188E+06
  0.586000E+03     0.174473E+06
  0.587000E+03     0.174838E+06
  0.588000E+03     0.175278E+06
  0.589000E+03     0.175858E+06
  0.590000E+03     0.176663E+06
  0.591000E+03     0.177153E+06
  0.592000E+03     0.177427E+06
  0.593000E+03     0.177440E+06
  0.594000E+03     0.177714E+06
  0.595000E+03     0.177739E+06
  0.596000E+03     0.177415E+06
  0.597000E+03     0.176997E+06
  0.598000E+03     0.176529E+06
  0.599000E+03     0.176012E+06
  0.600000E+03     0.175745E+06
  0.601000E+03     0.175389E+06
  0.602000E+03     0.174974E+06
  0.603000E+03     0.174913E+06
  0.604000E+03     0.174678E+06
  0.605000E+03     0.174327E+06
  0.606000E+03     0.174076E+06
  0.607000E+03     0.174029E+06
  0.608000E+03     0.174134E+06
  0.609000E+03     0.174416E+06
  0.610000E+03     0.174629E+06
  0.611000E+03     0.174847E+06
  0.612000E+03     0.175229E+06
  0.613000E+03     0.175871E+06
  0.614000E+03     0.176510E+06
  0.615000E+03     0.176819E+06
  0.616000E+03     0.177547E+06
  0.617000E+03     0.178558E+06
  0.618000E+03     0.179949E+06
  0.619000E+03     0.181220E+06
  0.620000E+03     0.182666E+06
  0.621000E+03     0.184511E+06
  0.622000E+03     0.186601E+06
  0.623000E+03     0.189054E+06
  0.624000E+03     0.192015E+06
  0.625000E+03     0.195077E+06
  0.626000E+03     0.199030E+06
  0.627000E+03     0.204119E+06
  0.628000E+03     0.210162E+06
  0.629000E+03     0.217082E+06
  0.630000E+03     0.224900E+06
  0.631000E+03     0.234040E+06
  0.632000E+03     0.242570E+06
  0.633000E+03     0.250505E+06
  0.634000E+03     0.257373E+06
  0.635000E+03     0.261873E+06
  0.636000E+03     0.264300E+06
  0.637000E+03     0.263469E+06
  0.638000E+03     0.260091E+06
  0.639000E+03     0.254856E+06
  0.640000E+03     0.247464E+06
  0.641000E+03     0.239814E+06
  0.642000E+03     0.232186E+06
  0.643000E+03     0.225049E+06
  0.644000E+03     0.219362E+06
  0.645000E+03     0.214594E+06
  0.646000E+03     0.210963E+06
  0.647000E+03     0.207855E+06
  0.648000E+03     0.205148E+06
  0.649000E+03     0.202994E+06
  0.650000E+03     0.201191E+06
  0.651000E+03     0.199494E+06
  0.652000E+03     0.197872E+06
  0.653000E+03     0.196189E+06
  0.654000E+03     0.194689E+06
  0.655000E+03     0.193437E+06
  0.656000E+03     0.192815E+06
  0.657000E+03     0.192522E+06
  0.658000E+03     0.192550E+06
  0.659000E+03     0.192747E+06
  0.660000E+03     0.193066E+06
  0.661000E+03     0.193503E+06
  0.662000E+03     0.194109E+06
  0.663000E+03     0.194775E+06
  0.664000E+03     0.195499E+06
  0.665000E+03     0.196351E+06
  0.666000E+03     0.197216E+06
  0.667000E+03     0.198075E+06
  0.668000E+03     0.198877E+06
  0.669000E+03     0.199860E+06
  0.670000E+03     0.200867E+06
  0.671000E+03     0.201717E+06
  0.672000E+03     0.203090E+06
  0.673000E+03     0.204606E+06
  0.674000E+03     0.206091E+06
  0.675000E+03     0.207701E+06
  0.676000E+03     0.209570E+06
  0.677000E+03     0.211862E+06
  0.678000E+03     0.214224E+06
  0.679000E+03     0.216910E+06
  0.680000E+03     0.220036E+06
  0.681000E+03     0.223301E+06
  0.682000E+03     0.226360E+06
  0.683000E+03     0.229186E+06
  0.684000E+03     0.232574E+06
  0.685000E+03     0.236060E+06
  0.686000E+03     0.239616E+06
  0.687000E+03     0.242908E+06
  0.688000E+03     0.246525E+06
  0.689000E+03     0.250292E+06
  0.690000E+03     0.253544E+06
  0.691000E+03     0.257635E+06
  0.692000E+03     0.262228E+06
  0.693000E+03     0.267081E+06
  0.694000E+03     0.272799E+06
  0.695000E+03     0.278753E+06
  0.696000E+03     0.284371E+06
  0.697000E+03     0.290052E+06
  0.698000E+03     0.295379E+06
  0.699000E+03     0.299864E+06
  0.700000E+03     0.305104E+06
  0.701000E+03     0.310769E+06
  0.702000E+03     0.316910E+06
  0.703000E+03     0.324816E+06
  0.704000E+03     0.334602E+06
  0.705000E+03     0.346607E+06
  0.706000E+03     0.363066E+06
  0.707000E+03     0.383232E+06
  0.708000E+03     0.407277E+06
  0.709000E+03     0.441148E+06
  0.710000E+03     0.484042E+06
  0.711000E+03     0.536346E+06
  0.712000E+03     0.611569E+06
  0.713000E+03     0.711429E+06
  0.714000E+03     0.836601E+06
  0.715000E+03     0.101845E+07
  0.716000E+03     0.130112E+07
  0.717000E+03     0.170253E+07
  0.718000E+03     0.236301E+07
  0.719000E+03     0.343817E+07
  0.720000E+03     0.476341E+07
  0.721000E+03     0.637345E+07
  0.722000E+03     0.774289E+07
  0.723000E+03     0.881090E+07
  0.724000E+03     0.941947E+07
  0.725000E+03     0.940089E+07
  0.726000E+03     0.895444E+07
  0.727000E+03     0.802455E+07
  0.728000E+03     0.640815E+07
  0.729000E+03     0.479946E+07
  0.730000E+03     0.324848E+07
  0.731000E+03     0.232253E+07
  0.732000E+03     0.166210E+07
  0.733000E+03     0.123822E+07
  0.734000E+03     0.102710E+07
  0.735000E+03     0.878848E+06
  0.736000E+03     0.776645E+06
  0.737000E+03     0.714472E+06
  0.738000E+03     0.670034E+06
  0.739000E+03     0.637020E+06
  0.740000E+03     0.615718E+06
  0.741000E+03     0.603479E+06
  0.742000E+03     0.595157E+06
  0.743000E+03     0.589217E+06
  0.744000E+03     0.581511E+06
  0.745000E+03     0.571793E+06
  0.746000E+03     0.559147E+06
  0.747000E+03     0.540266E+06
  0.748000E+03     0.517939E+06
  0.749000E+03     0.492006E+06
  0.750000E+03     0.463927E+06
  0.751000E+03     0.437085E+06
  0.752000E+03     0.411712E+06
  0.753000E+03     0.390377E+06
  0.754000E+03     0.372356E+06
  0.755000E+03     0.357248E+06
  0.756000E+03     0.345597E+06
  0.757000E+03     0.336695E+06
  0.758000E+03     0.329848E+06
  0.759000E+03     0.325385E+06
  0.760000E+03     0.322513E+06
  0.761000E+03     0.320501E+06
  0.762000E+03     0.319145E+06
  0.763000E+03     0.319713E+06
  0.764000E+03     0.321048E+06
  0.765000E+03     0.322887E+06
  0.766000E+03     0.326288E+06
  0.767000E+03     0.330666E+06
  0.768000E+03     0.336148E+06
  0.769000E+03     0.342309E+06
  0.770000E+03     0.349490E+06
  0.771000E+03     0.357780E+06
  0.772000E+03     0.367234E+06
  0.773000E+03     0.378221E+06
  0.774000E+03     0.390760E+06
  0.775000E+03     0.406264E+06
  0.776000E+03     0.424619E+06
  0.777000E+03     0.445288E+06
  0.778000E+03     0.468902E+06
  0.779000E+03     0.497707E+06
  0.780000E+03     0.530710E+06
  0.781000E+03     0.570041E+06
  0.782000E+03     0.617819E+06
  0.783000E+03     0.673541E+06
  0.784000E+03     0.741577E+06
  0.785000E+03     0.826328E+06
  0.786000E+03     0.925873E+06
  0.787000E+03     0.104449E+07
  0.788000E+03     0.119549E+07
  0.789000E+03     0.136625E+07
  0.790000E+03     0.155714E+07
  0.791000E+03     0.177163E+07
  0.792000E+03     0.198249E+07
  0.793000E+03     0.218653E+07
  0.794000E+03     0.234499E+07
  0.795000E+03     0.244894E+07
  0.796000E+03     0.250302E+07
  0.797000E+03     0.247118E+07
  0.798000E+03     0.237166E+07
  0.799000E+03     0.222702E+07
  0.800000E+03     0.203339E+07
  0.801000E+03     0.182470E+07
  0.802000E+03     0.161648E+07
  0.803000E+03     0.141975E+07
  0.804000E+03     0.125143E+07
  0.805000E+03     0.110218E+07
  0.806000E+03     0.975107E+06
  0.807000E+03     0.874818E+06
  0.808000E+03     0.787128E+06
  0.809000E+03     0.711519E+06
  0.810000E+03     0.652814E+06
  0.811000E+03     0.601042E+06
  0.812000E+03     0.555914E+06
  0.813000E+03     0.519859E+06
  0.814000E+03     0.487715E+06
  0.815000E+03     0.458699E+06
  0.816000E+03     0.433613E+06
  0.817000E+03     0.412503E+06
  0.818000E+03     0.393770E+06
  0.819000E+03     0.377238E+06
  0.820000E+03     0.362617E+06
  0.821000E+03     0.349310E+06
  0.822000E+03     0.337636E+06
  0.823000E+03     0.327156E+06
  0.824000E+03     0.317294E+06
  0.825000E+03     0.308062E+06
  0.826000E+03     0.300209E+06
  0.827000E+03     0.292808E+06
  0.828000E+03     0.285847E+06
  0.829000E+03     0.280125E+06
  0.830000E+03     0.274157E+06
  0.831000E+03     0.268164E+06
  0.832000E+03     0.263325E+06
  0.833000E+03     0.258587E+06
  0.834000E+03     0.254068E+06
  0.835000E+03     0.250206E+06
  0.836000E+03     0.246942E+06
  0.837000E+03     0.243892E+06
  0.838000E+03     0.240859E+06
  0.839000E+03     0.238591E+06
  0.840000E+03     0.236211E+06
  0.841000E+03     0.233376E+06
  0.842000E+03     0.231388E+06
  0.843000E+03     0.229352E+06
  0.844000E+03     0.227163E+06
  0.845000E+03     0.225705E+06
  0.846000E+03     0.224050E+06
  0.847000E+03     0.222266E+06
  0.848000E+03     0.220877E+06
  0.849000E+03     0.219630E+06
  0.850000E+03     0.218522E+06
  0.851000E+03     0.217690E+06
  0.852000E+03     0.216911E+06
  0.853000E+03     0.216274E+06
  0.854000E+03     0.215984E+06
  0.855000E+03     0.215859E+06
  0.856000E+03     0.215839E+06
  0.857000E+03     0.215939E+06
  0.858000E+03     0.216167E+06
  0.859000E+03     0.216581E+06
  0.860000E+03     0.217219E+06
  0.861000E+03     0.217934E+06
  0.862000E+03     0.218767E+06
  0.863000E+03     0.219740E+06
  0.864000E+03     0.221196E+06
  0.865000E+03     0.222613E+06
  0.866000E+03     0.224156E+06
  0.867000E+03     0.226505E+06
  0.868000E+03     0.228899E+06
  0.869000E+03     0.231327E+06
  0.870000E+03     0.233797E+06
  0.871000E+03     0.236542E+06
  0.872000E+03     0.239454E+06
  0.873000E+03     0.242556E+06
  0.874000E+03     0.245317E+06
  0.875000E+03     0.248416E+06
  0.876000E+03     0.252029E+06
  0.877000E+03     0.254923E+06
  0.878000E+03     0.257490E+06
  0.879000E+03     0.259749E+06
  0.880000E+03     0.261674E+06
  0.881000E+03     0.263576E+06
  0.882000E+03     0.265390E+06
  0.883000E+03     0.266803E+06
  0.884000E+03     0.268480E+06
  0.885000E+03     0.270156E+06
  0.886000E+03     0.271491E+06
  0.887000E+03     0.272758E+06
  0.888000E+03     0.274236E+06
  0.889000E+03     0.276155E+06
  0.890000E+03     0.278070E+06
  0.891000E+03     0.280309E+06
  0.892000E+03     0.282971E+06
  0.893000E+03     0.285693E+06
  0.894000E+03     0.288349E+06
  0.895000E+03     0.290997E+06
  0.896000E+03     0.294278E+06
  0.897000E+03     0.297796E+06
  0.898000E+03     0.301530E+06
  0.899000E+03     0.305620E+06
  0.900000E+03     0.310545E+06
  0.901000E+03     0.316290E+06
  0.902000E+03     0.323404E+06
  0.903000E+03     0.331335E+06
  0.904000E+03     0.340115E+06
  0.905000E+03     0.350070E+06
  0.906000E+03     0.360104E+06
  0.907000E+03     0.371160E+06
  0.908000E+03     0.383434E+06
  0.909000E+03     0.397257E+06
  0.910000E+03     0.412050E+06
  0.911000E+03     0.427769E+06
  0.912000E+03     0.444742E+06
  0.913000E+03     0.462039E+06
  0.914000E+03     0.479918E+06
  0.915000E+03     0.499452E+06
  0.916000E+03     0.520144E+06
  0.917000E+03     0.542051E+06
  0.918000E+03     0.565921E+06
  0.919000E+03     0.592772E+06
  0.920000E+03     0.622872E+06
  0.921000E+03     0.657138E+06
  0.922000E+03     0.697897E+06
  0.923000E+03     0.744062E+06
  0.924000E+03     0.795995E+06
  0.925000E+03     0.861727E+06
  0.926000E+03     0.937924E+06
  0.927000E+03     0.102453E+07
  0.928000E+03     0.113046E+07
  0.929000E+03     0.125852E+07
  0.930000E+03     0.140635E+07
  0.931000E+03     0.158529E+07
  0.932000E+03     0.180268E+07
  0.933000E+03     0.204525E+07
  0.934000E+03     0.231683E+07
  0.935000E+03     0.260050E+07
  0.936000E+03     0.287071E+07
  0.937000E+03     0.312192E+07
  0.938000E+03     0.327626E+07
  0.939000E+03     0.336263E+07
  0.940000E+03     0.337914E+07
  0.941000E+03     0.326716E+07
  0.942000E+03     0.308230E+07
  0.943000E+03     0.284597E+07
  0.944000E+03     0.256375E+07
  0.945000E+03     0.228351E+07
  0.946000E+03     0.201511E+07
  0.947000E+03     0.177320E+07
  0.948000E+03     0.157058E+07
  0.949000E+03     0.139252E+07
  0.950000E+03     0.124082E+07
  0.951000E+03     0.112002E+07
  0.952000E+03     0.101497E+07
  0.953000E+03     0.925001E+06
  0.954000E+03     0.853640E+06
  0.955000E+03     0.791244E+06
  0.956000E+03     0.736446E+06
  0.957000E+03     0.691073E+06
  0.958000E+03     0.651410E+06
  0.959000E+03     0.615506E+06
  0.960000E+03     0.583620E+06
  0.961000E+03     0.555303E+06
  0.962000E+03     0.528872E+06
  0.963000E+03     0.504292E+06
  0.964000E+03     0.483186E+06
  0.965000E+03     0.463440E+06
  0.966000E+03     0.444937E+06
  0.967000E+03     0.428765E+06
  0.968000E+03     0.414246E+06
  0.969000E+03     0.401153E+06
  0.970000E+03     0.389527E+06
  0.971000E+03     0.378595E+06
  0.972000E+03     0.368344E+06
  0.973000E+03     0.359257E+06
  0.974000E+03     0.350838E+06
  0.975000E+03     0.342969E+06
  0.976000E+03     0.335808E+06
  0.977000E+03     0.329163E+06
  0.978000E+03     0.323527E+06
  0.979000E+03     0.319042E+06
  0.980000E+03     0.315066E+06
  0.981000E+03     0.311905E+06
  0.982000E+03     0.309406E+06
  0.983000E+03     0.307109E+06
  0.984000E+03     0.305319E+06
  0.985000E+03     0.303864E+06
  0.986000E+03     0.302702E+06
  0.987000E+03     0.301854E+06
  0.988000E+03     0.300861E+06
  0.989000E+03     0.299395E+06
  0.990000E+03     0.297796E+06
  0.991000E+03     0.296427E+06
  0.992000E+03     0.295369E+06
  0.993000E+03     0.294351E+06
  0.994000E+03     0.293910E+06
  0.995000E+03     0.294215E+06
  0.996000E+03     0.296838E+06
  0.997000E+03     0.299966E+06
  0.998000E+03     0.304126E+06
  0.999000E+03     0.311052E+06
  0.100000E+04     0.319513E+06
  0.100100E+04     0.329915E+06
  0.100200E+04     0.343348E+06
  0.100300E+04     0.361049E+06
  0.100400E+04     0.382685E+06
  0.100500E+04     0.408597E+06
  0.100600E+04     0.442910E+06
  0.100700E+04     0.484785E+06
  0.100800E+04     0.535457E+06
  0.100900E+04     0.608102E+06
  0.101000E+04     0.696172E+06
  0.101100E+04     0.789178E+06
  0.101200E+04     0.872555E+06
  0.101300E+04     0.921145E+06
  0.101400E+04     0.944080E+06
  0.101500E+04     0.935816E+06
  0.101600E+04     0.884557E+06
  0.101700E+04     0.807596E+06
  0.101800E+04     0.705458E+06
  0.101900E+04     0.592103E+06
  0.102000E+04     0.498377E+06
  0.102100E+04     0.424163E+06
  0.102200E+04     0.381502E+06
  0.102300E+04     0.352228E+06
  0.102400E+04     0.331548E+06
  0.102500E+04     0.318230E+06
  0.102600E+04     0.307782E+06
  0.102700E+04     0.299117E+06
  0.102800E+04     0.292369E+06
  0.102900E+04     0.287435E+06
  0.103000E+04     0.283316E+06
  0.103100E+04     0.279939E+06
  0.103200E+04     0.277193E+06
  0.103300E+04     0.275168E+06
  0.103400E+04     0.273754E+06
  0.103500E+04     0.272935E+06
  0.103600E+04     0.273228E+06
  0.103700E+04     0.273911E+06
  0.103800E+04     0.274364E+06
  0.103900E+04     0.275036E+06
  0.104000E+04     0.275929E+06
  0.104100E+04     0.277105E+06
  0.104200E+04     0.278679E+06
  0.104300E+04     0.280173E+06
  0.104400E+04     0.281674E+06
  0.104500E+04     0.285073E+06
  0.104600E+04     0.288800E+06
  0.104700E+04     0.293030E+06
  0.104800E+04     0.298664E+06
  0.104900E+04     0.305484E+06
  0.105000E+04     0.312994E+06
  0.105100E+04     0.321127E+06
  0.105200E+04     0.330742E+06
  0.105300E+04     0.341312E+06
  0.105400E+04     0.352875E+06
  0.105500E+04     0.365534E+06
  0.105600E+04     0.380607E+06
  0.105700E+04     0.398117E+06
  0.105800E+04     0.419076E+06
  0.105900E+04     0.443042E+06
  0.106000E+04     0.470092E+06
  0.106100E+04     0.502596E+06
  0.106200E+04     0.541599E+06
  0.106300E+04     0.586549E+06
  0.106400E+04     0.639503E+06
  0.106500E+04     0.704356E+06
  0.106600E+04     0.777344E+06
  0.106700E+04     0.858600E+06
  0.106800E+04     0.953266E+06
  0.106900E+04     0.105047E+07
  0.107000E+04     0.114804E+07
  0.107100E+04     0.123691E+07
  0.107200E+04     0.130562E+07
  0.107300E+04     0.135529E+07
  0.107400E+04     0.137580E+07
  0.107500E+04     0.136272E+07
  0.107600E+04     0.132863E+07
  0.107700E+04     0.127255E+07
  0.107800E+04     0.119614E+07
  0.107900E+04     0.111668E+07
  0.108000E+04     0.103588E+07
  0.108100E+04     0.961980E+06
  0.108200E+04     0.894690E+06
  0.108300E+04     0.832790E+06
  0.108400E+04     0.777434E+06
  0.108500E+04     0.727622E+06
  0.108600E+04     0.681386E+06
  0.108700E+04     0.638991E+06
  0.108800E+04     0.600951E+06
  0.108900E+04     0.565900E+06
  0.109000E+04     0.533904E+06
  0.109100E+04     0.507613E+06
  0.109200E+04     0.483525E+06
  0.109300E+04     0.461508E+06
  0.109400E+04     0.442314E+06
  0.109500E+04     0.425600E+06
  0.109600E+04     0.410664E+06
  0.109700E+04     0.397748E+06
  0.109800E+04     0.386974E+06
  0.109900E+04     0.377532E+06
  0.110000E+04     0.369463E+06
  0.110100E+04     0.363870E+06
  0.110200E+04     0.358959E+06
  0.110300E+04     0.354836E+06
  0.110400E+04     0.353443E+06
  0.110500E+04     0.354418E+06
  0.110600E+04     0.357277E+06
  0.110700E+04     0.362378E+06
  0.110800E+04     0.369949E+06
  0.110900E+04     0.380021E+06
  0.111000E+04     0.393523E+06
  0.111100E+04     0.415366E+06
  0.111200E+04     0.448163E+06
  0.111300E+04     0.493908E+06
  0.111400E+04     0.581942E+06
  0.111500E+04     0.720000E+06
  0.111600E+04     0.901050E+06
  0.111700E+04     0.113237E+07
  0.111800E+04     0.132351E+07
  0.111900E+04     0.146823E+07
  0.112000E+04     0.153855E+07
  0.112100E+04     0.152461E+07
  0.112200E+04     0.144868E+07
  0.112300E+04     0.130827E+07
  0.112400E+04     0.106035E+07
  0.112500E+04     0.824861E+06
  0.112600E+04     0.612654E+06
  0.112700E+04     0.490961E+06
  0.112800E+04     0.413361E+06
  0.112900E+04     0.362635E+06
  0.113000E+04     0.333217E+06
  0.113100E+04     0.313076E+06
  0.113200E+04     0.297399E+06
  0.113300E+04     0.285616E+06
  0.113400E+04     0.275765E+06
  0.113500E+04     0.267434E+06
  0.113600E+04     0.260517E+06
  0.113700E+04     0.254772E+06
  0.113800E+04     0.249712E+06
  0.113900E+04     0.245138E+06
  0.114000E+04     0.241020E+06
  0.114100E+04     0.237698E+06
  0.114200E+04     0.234846E+06
  0.114300E+04     0.232459E+06
  0.114400E+04     0.230260E+06
  0.114500E+04     0.228266E+06
  0.114600E+04     0.226495E+06
  0.114700E+04     0.225137E+06
  0.114800E+04     0.223871E+06
  0.114900E+04     0.222744E+06
  0.115000E+04     0.221955E+06
  0.115100E+04     0.221568E+06
  0.115200E+04     0.221179E+06
  0.115300E+04     0.220547E+06
  0.115400E+04     0.220736E+06
  0.115500E+04     0.220942E+06
  0.115600E+04     0.221086E+06
  0.115700E+04     0.221572E+06
  0.115800E+04     0.222025E+06
  0.115900E+04     0.222545E+06
  0.116000E+04     0.223478E+06
  0.116100E+04     0.224095E+06
  0.116200E+04     0.224588E+06
  0.116300E+04     0.225044E+06
  0.116400E+04     0.225483E+06
  0.116500E+04     0.226085E+06
  0.116600E+04     0.226882E+06
  0.116700E+04     0.227582E+06
  0.116800E+04     0.228555E+06
  0.116900E+04     0.229681E+06
  0.117000E+04     0.230627E+06
  0.117100E+04     0.232128E+06
  0.117200E+04     0.233756E+06
  0.117300E+04     0.235213E+06
  0.117400E+04     0.237261E+06
  0.117500E+04     0.239775E+06
  0.117600E+04     0.242762E+06
  0.117700E+04     0.245199E+06
  0.117800E+04     0.248209E+06
  0.117900E+04     0.251540E+06
  0.118000E+04     0.254367E+06
  0.118100E+04     0.258075E+06
  0.118200E+04     0.262152E+06
  0.118300E+04     0.266304E+06
  0.118400E+04     0.270247E+06
  0.118500E+04     0.274403E+06
  0.118600E+04     0.278886E+06
  0.118700E+04     0.284549E+06
  0.118800E+04     0.290496E+06
  0.118900E+04     0.296871E+06
  0.119000E+04     0.304502E+06
  0.119100E+04     0.312311E+06
  0.119200E+04     0.320746E+06
  0.119300E+04     0.330540E+06
  0.119400E+04     0.342514E+06
  0.119500E+04     0.355463E+06
  0.119600E+04     0.369254E+06
  0.119700E+04     0.387322E+06
  0.119800E+04     0.407413E+06
  0.119900E+04     0.429779E+06
  0.120000E+04     0.456675E+06
  0.120100E+04     0.487687E+06
  0.120200E+04     0.522236E+06
  0.120300E+04     0.561469E+06
  0.120400E+04     0.608953E+06
  0.120500E+04     0.662664E+06
  0.120600E+04     0.722827E+06
  0.120700E+04     0.793110E+06
  0.120800E+04     0.869439E+06
  0.120900E+04     0.950548E+06
  0.121000E+04     0.103418E+07
  0.121100E+04     0.111186E+07
  0.121200E+04     0.118173E+07
  0.121300E+04     0.123867E+07
  0.121400E+04     0.126455E+07
  0.121500E+04     0.126809E+07
  0.121600E+04     0.124881E+07
  0.121700E+04     0.119463E+07
  0.121800E+04     0.112463E+07
  0.121900E+04     0.104201E+07
  0.122000E+04     0.950239E+06
  0.122100E+04     0.862599E+06
  0.122200E+04     0.780108E+06
  0.122300E+04     0.705643E+06
  0.122400E+04     0.642957E+06
  0.122500E+04     0.587617E+06
  0.122600E+04     0.539490E+06
  0.122700E+04     0.501716E+06
  0.122800E+04     0.468378E+06
  0.122900E+04     0.438937E+06
  0.123000E+04     0.414251E+06
  0.123100E+04     0.393511E+06
  0.123200E+04     0.374790E+06
  0.123300E+04     0.357616E+06
  0.123400E+04     0.343428E+06
  0.123500E+04     0.330657E+06
  0.123600E+04     0.319156E+06
  0.123700E+04     0.308908E+06
  0.123800E+04     0.299778E+06
  0.123900E+04     0.291397E+06
  0.124000E+04     0.283424E+06
  0.124100E+04     0.276284E+06
  0.124200E+04     0.269610E+06
  0.124300E+04     0.263359E+06
  0.124400E+04     0.258077E+06
  0.124500E+04     0.252955E+06
  0.124600E+04     0.247971E+06
  0.124700E+04     0.243486E+06
  0.124800E+04     0.239518E+06
  0.124900E+04     0.235962E+06
  0.125000E+04     0.232886E+06
  0.125100E+04     0.229865E+06
  0.125200E+04     0.226913E+06
  0.125300E+04     0.224048E+06
  0.125400E+04     0.221623E+06
  0.125500E+04     0.219526E+06
  0.125600E+04     0.217736E+06
  0.125700E+04     0.216272E+06
  0.125800E+04     0.214610E+06
  0.125900E+04     0.213056E+06
  0.126000E+04     0.212002E+06
  0.126100E+04     0.211196E+06
  0.126200E+04     0.210310E+06
  0.126300E+04     0.209270E+06
  0.126400E+04     0.208766E+06
  0.126500E+04     0.208284E+06
  0.126600E+04     0.207890E+06
  0.126700E+04     0.207859E+06
  0.126800E+04     0.207348E+06
  0.126900E+04     0.206862E+06
  0.127000E+04     0.206786E+06
  0.127100E+04     0.206274E+06
  0.127200E+04     0.205457E+06
  0.127300E+04     0.204352E+06
  0.127400E+04     0.203159E+06
  0.127500E+04     0.201877E+06
  0.127600E+04     0.200489E+06
  0.127700E+04     0.198900E+06
  0.127800E+04     0.197278E+06
  0.127900E+04     0.195780E+06
  0.128000E+04     0.194509E+06
  0.128100E+04     0.193453E+06
  0.128200E+04     0.192181E+06
  0.128300E+04     0.190754E+06
  0.128400E+04     0.189796E+06
  0.128500E+04     0.188759E+06
  0.128600E+04     0.187790E+06
  0.128700E+04     0.187122E+06
  0.128800E+04     0.186445E+06
  0.128900E+04     0.185848E+06
  0.129000E+04     0.185366E+06
  0.129100E+04     0.185420E+06
  0.129200E+04     0.185310E+06
  0.129300E+04     0.185207E+06
  0.129400E+04     0.185809E+06
  0.129500E+04     0.186298E+06
  0.129600E+04     0.186917E+06
  0.129700E+04     0.187903E+06
  0.129800E+04     0.189078E+06
  0.129900E+04     0.190109E+06
  0.130000E+04     0.190978E+06
  0.130100E+04     0.192143E+06
  0.130200E+04     0.193210E+06
  0.130300E+04     0.194375E+06
  0.130400E+04     0.196099E+06
  0.130500E+04     0.197037E+06
  0.130600E+04     0.197739E+06
  0.130700E+04     0.198380E+06
  0.130800E+04     0.198142E+06
  0.130900E+04     0.197652E+06
  0.131000E+04     0.196844E+06
  0.131100E+04     0.195059E+06
  0.131200E+04     0.193234E+06
  0.131300E+04     0.191113E+06
  0.131400E+04     0.188292E+06
  0.131500E+04     0.185589E+06
  0.131600E+04     0.183127E+06
  0.131700E+04     0.180945E+06
  0.131800E+04     0.179003E+06
  0.131900E+04     0.177133E+06
  0.132000E+04     0.175474E+06
  0.132100E+04     0.174513E+06
  0.132200E+04     0.173553E+06
  0.132300E+04     0.172662E+06
  0.132400E+04     0.171895E+06
  0.132500E+04     0.171388E+06
  0.132600E+04     0.170871E+06
  0.132700E+04     0.170318E+06
  0.132800E+04     0.169664E+06
  0.132900E+04     0.169201E+06
  0.133000E+04     0.168908E+06
  0.133100E+04     0.168839E+06
  0.133200E+04     0.168566E+06
  0.133300E+04     0.168222E+06
  0.133400E+04     0.167837E+06
  0.133500E+04     0.167915E+06
  0.133600E+04     0.167832E+06
  0.133700E+04     0.167619E+06
  0.133800E+04     0.167295E+06
  0.133900E+04     0.167161E+06
  0.134000E+04     0.167141E+06
  0.134100E+04     0.167228E+06
  0.134200E+04     0.166845E+06
  0.134300E+04     0.166878E+06
  0.134400E+04     0.167234E+06
  0.134500E+04     0.166736E+06
  0.134600E+04     0.166732E+06
  0.134700E+04     0.166872E+06
  0.134800E+04     0.166783E+06
  0.134900E+04     0.166809E+06
  0.135000E+04     0.166842E+06
  0.135100E+04     0.166866E+06
  0.135200E+04     0.167110E+06
  0.135300E+04     0.167335E+06
  0.135400E+04     0.167475E+06
  0.135500E+04     0.167301E+06
  0.135600E+04     0.167365E+06
  0.135700E+04     0.167460E+06
  0.135800E+04     0.167488E+06
  0.135900E+04     0.167296E+06
  0.136000E+04     0.167607E+06
  0.136100E+04     0.168312E+06
  0.136200E+04     0.168552E+06
  0.136300E+04     0.168831E+06
  0.136400E+04     0.169183E+06
  0.136500E+04     0.169672E+06
  0.136600E+04     0.170260E+06
  0.136700E+04     0.170853E+06
  0.136800E+04     0.171423E+06
  0.136900E+04     0.171752E+06
  0.137000E+04     0.172084E+06
  0.137100E+04     0.172402E+06
  0.137200E+04     0.172667E+06
  0.137300E+04     0.172663E+06
  0.137400E+04     0.172683E+06
  0.137500E+04     0.172844E+06
  0.137600E+04     0.172376E+06
  0.137700E+04     0.171917E+06
  0.137800E+04     0.171466E+06
  0.137900E+04     0.170953E+06
  0.138000E+04     0.170526E+06
  0.138100E+04     0.170217E+06
  0.138200E+04     0.170091E+06
  0.138300E+04     0.169870E+06
  0.138400E+04     0.169573E+06
  0.138500E+04     0.169235E+06
  0.138600E+04     0.169205E+06
  0.138700E+04     0.168809E+06
  0.138800E+04     0.168246E+06
  0.138900E+04     0.167724E+06
  0.139000E+04     0.167464E+06
  0.139100E+04     0.167231E+06
  0.139200E+04     0.166974E+06
  0.139300E+04     0.166877E+06
  0.139400E+04     0.166773E+06
  0.139500E+04     0.166687E+06
  0.139600E+04     0.166684E+06
  0.139700E+04     0.166739E+06
  0.139800E+04     0.166698E+06
  0.139900E+04     0.166471E+06
  0.140000E+04     0.166690E+06
  0.140100E+04     0.166752E+06
  0.140200E+04     0.166701E+06
  0.140300E+04     0.166820E+06
  0.140400E+04     0.167005E+06
  0.140500E+04     0.167210E+06
  0.140600E+04     0.167409E+06
  0.140700E+04     0.167581E+06
  0.140800E+04     0.167810E+06
  0.140900E+04     0.168093E+06
  0.141000E+04     0.168280E+06
  0.141100E+04     0.168548E+06
  0.141200E+04     0.168823E+06
  0.141300E+04     0.169012E+06
  0.141400E+04     0.169140E+06
  0.141500E+04     0.169396E+06
  0.141600E+04     0.169822E+06
  0.141700E+04     0.170108E+06
  0.141800E+04     0.170022E+06
  0.141900E+04     0.169836E+06
  0.142000E+04     0.170129E+06
  0.142100E+04     0.170130E+06
  0.142200E+04     0.170252E+06
  0.142300E+04     0.170678E+06
  0.142400E+04     0.170812E+06
  0.142500E+04     0.171058E+06
  0.142600E+04     0.171406E+06
  0.142700E+04     0.171831E+06
  0.142800E+04     0.172193E+06
  0.142900E+04     0.172662E+06
  0.143000E+04     0.173376E+06
  0.143100E+04     0.174038E+06
  0.143200E+04     0.174751E+06
  0.143300E+04     0.175483E+06
  0.143400E+04     0.175993E+06
  0.143500E+04     0.176799E+06
  0.143600E+04     0.177761E+06
  0.143700E+04     0.178799E+06
  0.143800E+04     0.179509E+06
  0.143900E+04     0.180088E+06
  0.144000E+04     0.180542E+06
  0.144100E+04     0.180652E+06
  0.144200E+04     0.180463E+06
  0.144300E+04     0.179993E+06
  0.144400E+04     0.179148E+06
  0.144500E+04     0.178490E+06
  0.144600E+04     0.177772E+06
  0.144700E+04     0.176938E+06
  0.144800E+04     0.176159E+06
  0.144900E+04     0.175613E+06
  0.145000E+04     0.175099E+06
  0.145100E+04     0.174204E+06
  0.145200E+04     0.173294E+06
  0.145300E+04     0.172745E+06
  0.145400E+04     0.172732E+06
  0.145500E+04     0.172469E+06
  0.145600E+04     0.172124E+06
  0.145700E+04     0.171810E+06
  0.145800E+04     0.171879E+06
  0.145900E+04     0.172128E+06
  0.146000E+04     0.172357E+06
  0.146100E+04     0.172462E+06
  0.146200E+04     0.172623E+06
  0.146300E+04     0.172606E+06
  0.146400E+04     0.172505E+06
  0.146500E+04     0.172742E+06
  0.146600E+04     0.172386E+06
  0.146700E+04     0.172148E+06
  0.146800E+04     0.172543E+06
  0.146900E+04     0.172274E+06
  0.147000E+04     0.171965E+06
  0.147100E+04     0.171758E+06
  0.147200E+04     0.172253E+06
  0.147300E+04     0.172669E+06
  0.147400E+04     0.173279E+06
  0.147500E+04     0.174397E+06
  0.147600E+04     0.174723E+06
  0.147700E+04     0.174774E+06
  0.147800E+04     0.174685E+06
  0.147900E+04     0.175081E+06
  0.148000E+04     0.175225E+06
  0.148100E+04     0.175258E+06
  0.148200E+04     0.175299E+06
  0.148300E+04     0.174886E+06
  0.148400E+04     0.174362E+06
  0.148500E+04     0.173750E+06
  0.148600E+04     0.172649E+06
  0.148700E+04     0.172054E+06
  0.148800E+04     0.171686E+06
  0.148900E+04     0.171239E+06
  0.149000E+04     0.170440E+06
  0.149100E+04     0.169791E+06
  0.149200E+04     0.169402E+06
  0.149300E+04     0.169125E+06
  0.149400E+04     0.168984E+06
  0.149500E+04     0.168918E+06
  0.149600E+04     0.168848E+06
  0.149700E+04     0.168946E+06
  0.149800E+04     0.169117E+06
  0.149900E+04     0.169328E+06
  0.150000E+04     0.169063E+06
  0.150100E+04     0.169278E+06
  0.150200E+04     0.169666E+06
  0.150300E+04     0.169662E+06
  0.150400E+04     0.169591E+06
  0.150500E+04     0.169588E+06
  0.150600E+04     0.169699E+06
  0.150700E+04     0.169602E+06
  0.150800E+04     0.169086E+06
  0.150900E+04     0.168311E+06
  0.151000E+04     0.167574E+06
  0.151100E+04     0.166918E+06
  0.151200E+04     0.166232E+06
  0.151300E+04     0.165473E+06
  0.151400E+04     0.164878E+06
  0.151500E+04     0.164419E+06
  0.151600E+04     0.164016E+06
  0.151700E+04     0.163472E+06
  0.151800E+04     0.163168E+06
  0.151900E+04     0.162941E+06
  0.152000E+04     0.162738E+06
  0.152100E+04     0.162316E+06
  0.152200E+04     0.162082E+06
  0.152300E+04     0.161996E+06
  0.152400E+04     0.161975E+06
  0.152500E+04     0.161581E+06
  0.152600E+04     0.161210E+06
  0.152700E+04     0.161037E+06
  0.152800E+04     0.161087E+06
  0.152900E+04     0.161225E+06
  0.153000E+04     0.161343E+06
  0.153100E+04     0.161102E+06
  0.153200E+04     0.160895E+06
  0.153300E+04     0.160688E+06
  0.153400E+04     0.160466E+06
  0.153500E+04     0.160578E+06
  0.153600E+04     0.160574E+06
  0.153700E+04     0.160561E+06
  0.153800E+04     0.160916E+06
  0.153900E+04     0.161026E+06
  0.154000E+04     0.161148E+06
  0.154100E+04     0.161404E+06
  0.154200E+04     0.161438E+06
  0.154300E+04     0.161771E+06
  0.154400E+04     0.162312E+06
  0.154500E+04     0.162796E+06
  0.154600E+04     0.163181E+06
  0.154700E+04     0.163397E+06
  0.154800E+04     0.163385E+06
  0.154900E+04     0.163509E+06
  0.155000E+04     0.163822E+06
  0.155100E+04     0.164165E+06
  0.155200E+04     0.164037E+06
  0.155300E+04     0.163975E+06
  0.155400E+04     0.164047E+06
  0.155500E+04     0.164307E+06
  0.155600E+04     0.164789E+06
  0.155700E+04     0.164867E+06
  0.155800E+04     0.164746E+06
  0.155900E+04     0.165006E+06
  0.156000E+04     0.165067E+06
  0.156100E+04     0.165095E+06
  0.156200E+04     0.165153E+06
  0.156300E+04     0.165279E+06
  0.156400E+04     0.165466E+06
  0.156500E+04     0.165746E+06
  0.156600E+04     0.166240E+06
  0.156700E+04     0.166631E+06
  0.156800E+04     0.167087E+06
  0.156900E+04     0.167677E+06
  0.157000E+04     0.168353E+06
  0.157100E+04     0.169229E+06
  0.157200E+04     0.170194E+06
  0.157300E+04     0.171000E+06
  0.157400E+04     0.171717E+06
  0.157500E+04     0.172155E+06
  0.157600E+04     0.172227E+06
  0.157700E+04     0.172604E+06
  0.157800E+04     0.172876E+06
  0.157900E+04     0.173175E+06
  0.158000E+04     0.173794E+06
  0.158100E+04     0.174389E+06
  0.158200E+04     0.175188E+06
  0.158300E+04     0.176261E+06
  0.158400E+04     0.177164E+06
  0.158500E+04     0.177540E+06
  0.158600E+04     0.177570E+06
  0.158700E+04     0.177464E+06
  0.158800E+04     0.176731E+06
  0.158900E+04     0.175685E+06
  0.159000E+04     0.174393E+06
  0.159100E+04     0.173072E+06
  0.159200E+04     0.171901E+06
  0.159300E+04     0.170993E+06
  0.159400E+04     0.170614E+06
  0.159500E+04     0.169996E+06
  0.159600E+04     0.169444E+06
  0.159700E+04     0.169017E+06
  0.159800E+04     0.168639E+06
  0.159900E+04     0.168094E+06
  0.160000E+04     0.167467E+06
  0.160100E+04     0.166837E+06
  0.160200E+04     0.166482E+06
  0.160300E+04     0.166124E+06
  0.160400E+04     0.165776E+06
  0.160500E+04     0.165908E+06
  0.160600E+04     0.165482E+06
  0.160700E+04     0.165076E+06
  0.160800E+04     0.165251E+06
  0.160900E+04     0.165245E+06
  0.161000E+04     0.165182E+06
  0.161100E+04     0.165088E+06
  0.161200E+04     0.165021E+06
  0.161300E+04     0.165306E+06
  0.161400E+04     0.165773E+06
  0.161500E+04     0.166341E+06
  0.161600E+04     0.166722E+06
  0.161700E+04     0.167313E+06
  0.161800E+04     0.168145E+06
  0.161900E+04     0.169285E+06
  0.162000E+04     0.170294E+06
  0.162100E+04     0.171498E+06
  0.162200E+04     0.173111E+06
  0.162300E+04     0.173395E+06
  0.162400E+04     0.173315E+06
  0.162500E+04     0.172932E+06
  0.162600E+04     0.172256E+06
  0.162700E+04     0.171668E+06
  0.162800E+04     0.170974E+06
  0.162900E+04     0.170091E+06
  0.163000E+04     0.169730E+06
  0.163100E+04     0.169561E+06
  0.163200E+04     0.169489E+06
  0.163300E+04     0.169336E+06
  0.163400E+04     0.169618E+06
  0.163500E+04     0.169924E+06
  0.163600E+04     0.170147E+06
  0.163700E+04     0.170352E+06
  0.163800E+04     0.170519E+06
  0.163900E+04     0.170719E+06
  0.164000E+04     0.171067E+06
  0.164100E+04     0.171266E+06
  0.164200E+04     0.171027E+06
  0.164300E+04     0.170392E+06
  0.164400E+04     0.170398E+06
  0.164500E+04     0.170496E+06
  0.164600E+04     0.170467E+06
  0.164700E+04     0.170051E+06
  0.164800E+04     0.169358E+06
  0.164900E+04     0.168814E+06
  0.165000E+04     0.168439E+06
  0.165100E+04     0.168085E+06
  0.165200E+04     0.167938E+06
  0.165300E+04     0.168001E+06
  0.165400E+04     0.168323E+06
  0.165500E+04     0.168323E+06
  0.165600E+04     0.168581E+06
  0.165700E+04     0.169043E+06
  0.165800E+04     0.169466E+06
  0.165900E+04     0.169664E+06
  0.166000E+04     0.169806E+06
  0.166100E+04     0.169958E+06
  0.166200E+04     0.170295E+06
  0.166300E+04     0.170436E+06
  0.166400E+04     0.170452E+06
  0.166500E+04     0.170459E+06
  0.166600E+04     0.170367E+06
  0.166700E+04     0.170341E+06
  0.166800E+04     0.170431E+06
  0.166900E+04     0.170648E+06
  0.167000E+04     0.170668E+06
  0.167100E+04     0.170714E+06
  0.167200E+04     0.171098E+06
  0.167300E+04     0.171430E+06
  0.167400E+04     0.171758E+06
  0.167500E+04     0.172098E+06
  0.167600E+04     0.172507E+06
  0.167700E+04     0.172874E+06
  0.167800E+04     0.173270E+06
  0.167900E+04     0.173761E+06
  0.168000E+04     0.174201E+06
  0.168100E+04     0.174635E+06
  0.168200E+04     0.175092E+06
  0.168300E+04     0.175681E+06
  0.168400E+04     0.176426E+06
  0.168500E+04     0.177130E+06
  0.168600E+04     0.177697E+06
  0.168700E+04     0.178559E+06
  0.168800E+04     0.179477E+06
  0.168900E+04     0.180389E+06
  0.169000E+04     0.181156E+06
  0.169100E+04     0.182520E+06
  0.169200E+04     0.183971E+06
  0.169300E+04     0.185387E+06
  0.169400E+04     0.186847E+06
  0.169500E+04     0.188776E+06
  0.169600E+04     0.191165E+06
  0.169700E+04     0.194135E+06
  0.169800E+04     0.197591E+06
  0.169900E+04     0.201870E+06
  0.170000E+04     0.207039E+06
  0.170100E+04     0.213301E+06
  0.170200E+04     0.219801E+06
  0.170300E+04     0.226764E+06
  0.170400E+04     0.234432E+06
  0.170500E+04     0.240768E+06
  0.170600E+04     0.245361E+06
  0.170700E+04     0.248070E+06
  0.170800E+04     0.248045E+06
  0.170900E+04     0.245797E+06
  0.171000E+04     0.241362E+06
  0.171100E+04     0.234612E+06
  0.171200E+04     0.227340E+06
  0.171300E+04     0.220436E+06
  0.171400E+04     0.214169E+06
  0.171500E+04     0.209152E+06
  0.171600E+04     0.204966E+06
  0.171700E+04     0.201528E+06
  0.171800E+04     0.198814E+06
  0.171900E+04     0.196663E+06
  0.172000E+04     0.194701E+06
  0.172100E+04     0.193040E+06
  0.172200E+04     0.191838E+06
  0.172300E+04     0.191176E+06
  0.172400E+04     0.190362E+06
  0.172500E+04     0.189541E+06
  0.172600E+04     0.189362E+06
  0.172700E+04     0.189423E+06
  0.172800E+04     0.189753E+06
  0.172900E+04     0.190395E+06
  0.173000E+04     0.191600E+06
  0.173100E+04     0.193097E+06
  0.173200E+04     0.194921E+06
  0.173300E+04     0.197218E+06
  0.173400E+04     0.199858E+06
  0.173500E+04     0.202384E+06
  0.173600E+04     0.204683E+06
  0.173700E+04     0.206544E+06
  0.173800E+04     0.207862E+06
  0.173900E+04     0.209034E+06
  0.174000E+04     0.210349E+06
  0.174100E+04     0.211588E+06
  0.174200E+04     0.213167E+06
  0.174300E+04     0.215181E+06
  0.174400E+04     0.217965E+06
  0.174500E+04     0.221498E+06
  0.174600E+04     0.225633E+06
  0.174700E+04     0.230372E+06
  0.174800E+04     0.235740E+06
  0.174900E+04     0.241775E+06
  0.175000E+04     0.248132E+06
  0.175100E+04     0.254377E+06
  0.175200E+04     0.259318E+06
  0.175300E+04     0.262949E+06
  0.175400E+04     0.265106E+06
  0.175500E+04     0.264706E+06
  0.175600E+04     0.261931E+06
  0.175700E+04     0.257251E+06
  0.175800E+04     0.250649E+06
  0.175900E+04     0.243231E+06
  0.176000E+04     0.235459E+06
  0.176100E+04     0.227795E+06
  0.176200E+04     0.221453E+06
  0.176300E+04     0.215672E+06
  0.176400E+04     0.210709E+06
  0.176500E+04     0.206710E+06
  0.176600E+04     0.203979E+06
  0.176700E+04     0.201352E+06
  0.176800E+04     0.198935E+06
  0.176900E+04     0.196897E+06
  0.177000E+04     0.195213E+06
  0.177100E+04     0.194096E+06
  0.177200E+04     0.193380E+06
  0.177300E+04     0.192292E+06
  0.177400E+04     0.191354E+06
  0.177500E+04     0.190457E+06
  0.177600E+04     0.189552E+06
  0.177700E+04     0.188528E+06
  0.177800E+04     0.187909E+06
  0.177900E+04     0.187548E+06
  0.178000E+04     0.187243E+06
  0.178100E+04     0.187094E+06
  0.178200E+04     0.187077E+06
  0.178300E+04     0.187208E+06
  0.178400E+04     0.187624E+06
  0.178500E+04     0.187997E+06
  0.178600E+04     0.188586E+06
  0.178700E+04     0.189614E+06
  0.178800E+04     0.190146E+06
  0.178900E+04     0.190449E+06
  0.179000E+04     0.190722E+06
  0.179100E+04     0.191457E+06
  0.179200E+04     0.192497E+06
  0.179300E+04     0.193701E+06
  0.179400E+04     0.195036E+06
  0.179500E+04     0.196460E+06
  0.179600E+04     0.197684E+06
  0.179700E+04     0.198651E+06
  0.179800E+04     0.199249E+06
  0.179900E+04     0.198387E+06
  0.180000E+04     0.197428E+06
  0.180100E+04     0.196396E+06
  0.180200E+04     0.194967E+06
  0.180300E+04     0.193667E+06
  0.180400E+04     0.192544E+06
  0.180500E+04     0.191618E+06
  0.180600E+04     0.190570E+06
  0.180700E+04     0.189911E+06
  0.180800E+04     0.189431E+06
  0.180900E+04     0.188899E+06
  0.181000E+04     0.188004E+06
  0.181100E+04     0.187205E+06
  0.181200E+04     0.186614E+06
  0.181300E+04     0.186526E+06
  0.181400E+04     0.186474E+06
  0.181500E+04     0.186366E+06
  0.181600E+04     0.186162E+06
  0.181700E+04     0.186571E+06
  0.181800E+04     0.186869E+06
  0.181900E+04     0.187208E+06
  0.182000E+04     0.187847E+06
  0.182100E+04     0.188476E+06
  0.182200E+04     0.189285E+06
  0.182300E+04     0.190313E+06
  0.182400E+04     0.191621E+06
  0.182500E+04     0.193125E+06
  0.182600E+04     0.194786E+06
  0.182700E+04     0.196602E+06
  0.182800E+04     0.198918E+06
  0.182900E+04     0.201232E+06
  0.183000E+04     0.203497E+06
  0.183100E+04     0.205613E+06
  0.183200E+04     0.207864E+06
  0.183300E+04     0.209999E+06
  0.183400E+04     0.212016E+06
  0.183500E+04     0.214225E+06
  0.183600E+04     0.217279E+06
  0.183700E+04     0.220631E+06
  0.183800E+04     0.223986E+06
  0.183900E+04     0.228034E+06
  0.184000E+04     0.232215E+06
  0.184100E+04     0.236477E+06
  0.184200E+04     0.240745E+06
  0.184300E+04     0.244257E+06
  0.184400E+04     0.247421E+06
  0.184500E+04     0.250179E+06
  0.184600E+04     0.251613E+06
  0.184700E+04     0.251466E+06
  0.184800E+04     0.250063E+06
  0.184900E+04     0.247438E+06
  0.185000E+04     0.242806E+06
  0.185100E+04     0.237463E+06
  0.185200E+04     0.231693E+06
  0.185300E+04     0.225947E+06
  0.185400E+04     0.221402E+06
  0.185500E+04     0.217481E+06
  0.185600E+04     0.214124E+06
  0.185700E+04     0.211631E+06
  0.185800E+04     0.209845E+06
  0.185900E+04     0.208662E+06
  0.186000E+04     0.208095E+06
  0.186100E+04     0.207889E+06
  0.186200E+04     0.208123E+06
  0.186300E+04     0.208562E+06
  0.186400E+04     0.208801E+06
  0.186500E+04     0.209490E+06
  0.186600E+04     0.210387E+06
  0.186700E+04     0.211534E+06
  0.186800E+04     0.213431E+06
  0.186900E+04     0.215165E+06
  0.187000E+04     0.217267E+06
  0.187100E+04     0.220065E+06
  0.187200E+04     0.223052E+06
  0.187300E+04     0.226978E+06
  0.187400E+04     0.231377E+06
  0.187500E+04     0.235557E+06
  0.187600E+04     0.239364E+06
  0.187700E+04     0.242125E+06
  0.187800E+04     0.243663E+06
  0.187900E+04     0.243506E+06
  0.188000E+04     0.241197E+06
  0.188100E+04     0.237669E+06
  0.188200E+04     0.233246E+06
  0.188300E+04     0.227707E+06
  0.188400E+04     0.222416E+06
  0.188500E+04     0.217631E+06
  0.188600E+04     0.213813E+06
  0.188700E+04     0.210811E+06
  0.188800E+04     0.208374E+06
  0.188900E+04     0.206443E+06
  0.189000E+04     0.204956E+06
  0.189100E+04     0.203382E+06
  0.189200E+04     0.202238E+06
  0.189300E+04     0.201721E+06
  0.189400E+04     0.201255E+06
  0.189500E+04     0.201055E+06
  0.189600E+04     0.200945E+06
  0.189700E+04     0.200751E+06
  0.189800E+04     0.200827E+06
  0.189900E+04     0.201195E+06
  0.190000E+04     0.201648E+06
  0.190100E+04     0.201585E+06
  0.190200E+04     0.201610E+06
  0.190300E+04     0.201586E+06
  0.190400E+04     0.201500E+06
  0.190500E+04     0.201622E+06
  0.190600E+04     0.201990E+06
  0.190700E+04     0.202129E+06
  0.190800E+04     0.201642E+06
  0.190900E+04     0.201238E+06
  0.191000E+04     0.201126E+06
  0.191100E+04     0.201319E+06
  0.191200E+04     0.201891E+06
  0.191300E+04     0.201854E+06
  0.191400E+04     0.201866E+06
  0.191500E+04     0.201970E+06
  0.191600E+04     0.201661E+06
  0.191700E+04     0.201871E+06
  0.191800E+04     0.202142E+06
  0.191900E+04     0.202242E+06
  0.192000E+04     0.202393E+06
  0.192100E+04     0.202968E+06
  0.192200E+04     0.203762E+06
  0.192300E+04     0.204531E+06
  0.192400E+04     0.205389E+06
  0.192500E+04     0.206868E+06
  0.192600E+04     0.208815E+06
  0.192700E+04     0.210529E+06
  0.192800E+04     0.212546E+06
  0.192900E+04     0.214902E+06
  0.193000E+04     0.217666E+06
  0.193100E+04     0.221349E+06
  0.193200E+04     0.225541E+06
  0.193300E+04     0.229983E+06
  0.193400E+04     0.234488E+06
  0.193500E+04     0.240817E+06
  0.193600E+04     0.248037E+06
  0.193700E+04     0.256191E+06
  0.193800E+04     0.265613E+06
  0.193900E+04     0.275894E+06
  0.194000E+04     0.286427E+06
  0.194100E+04     0.297006E+06
  0.194200E+04     0.307104E+06
  0.194300E+04     0.314589E+06
  0.194400E+04     0.320359E+06
  0.194500E+04     0.324646E+06
  0.194600E+04     0.324549E+06
  0.194700E+04     0.321367E+06
  0.194800E+04     0.315828E+06
  0.194900E+04     0.308464E+06
  0.195000E+04     0.299886E+06
  0.195100E+04     0.291409E+06
  0.195200E+04     0.283292E+06
  0.195300E+04     0.276027E+06
  0.195400E+04     0.270030E+06
  0.195500E+04     0.265039E+06
  0.195600E+04     0.261106E+06
  0.195700E+04     0.259019E+06
  0.195800E+04     0.257839E+06
  0.195900E+04     0.257470E+06
  0.196000E+04     0.257935E+06
  0.196100E+04     0.259510E+06
  0.196200E+04     0.261256E+06
  0.196300E+04     0.263544E+06
  0.196400E+04     0.267076E+06
  0.196500E+04     0.272154E+06
  0.196600E+04     0.277948E+06
  0.196700E+04     0.284810E+06
  0.196800E+04     0.294634E+06
  0.196900E+04     0.307619E+06
  0.197000E+04     0.323085E+06
  0.197100E+04     0.341183E+06
  0.197200E+04     0.364991E+06
  0.197300E+04     0.394057E+06
  0.197400E+04     0.428189E+06
  0.197500E+04     0.467873E+06
  0.197600E+04     0.511958E+06
  0.197700E+04     0.554235E+06
  0.197800E+04     0.591405E+06
  0.197900E+04     0.616786E+06
  0.198000E+04     0.623158E+06
  0.198100E+04     0.615467E+06
  0.198200E+04     0.594269E+06
  0.198300E+04     0.557781E+06
  0.198400E+04     0.514456E+06
  0.198500E+04     0.471544E+06
  0.198600E+04     0.432400E+06
  0.198700E+04     0.405161E+06
  0.198800E+04     0.386642E+06
  0.198900E+04     0.374747E+06
  0.199000E+04     0.368554E+06
  0.199100E+04     0.368977E+06
  0.199200E+04     0.372896E+06
  0.199300E+04     0.380017E+06
  0.199400E+04     0.390440E+06
  0.199500E+04     0.408354E+06
  0.199600E+04     0.430858E+06
  0.199700E+04     0.458177E+06
  0.199800E+04     0.493439E+06
  0.199900E+04     0.534631E+06
  0.200000E+04     0.579484E+06
  0.200100E+04     0.626883E+06
  0.200200E+04     0.670987E+06
  0.200300E+04     0.704824E+06
  0.200400E+04     0.726846E+06
  0.200500E+04     0.734550E+06
  0.200600E+04     0.721867E+06
  0.200700E+04     0.697216E+06
  0.200800E+04     0.662408E+06
  0.200900E+04     0.618823E+06
  0.201000E+04     0.576205E+06
  0.201100E+04     0.536580E+06
  0.201200E+04     0.500986E+06
  0.201300E+04     0.472654E+06
  0.201400E+04     0.447997E+06
  0.201500E+04     0.426750E+06
  0.201600E+04     0.409163E+06
  0.201700E+04     0.397038E+06
  0.201800E+04     0.387811E+06
  0.201900E+04     0.381678E+06
  0.202000E+04     0.379026E+06
  0.202100E+04     0.379220E+06
  0.202200E+04     0.381596E+06
  0.202300E+04     0.386047E+06
  0.202400E+04     0.392705E+06
  0.202500E+04     0.400409E+06
  0.202600E+04     0.407329E+06
  0.202700E+04     0.413584E+06
  0.202800E+04     0.419842E+06
  0.202900E+04     0.423532E+06
  0.203000E+04     0.425588E+06
  0.203100E+04     0.426191E+06
  0.203200E+04     0.425279E+06
  0.203300E+04     0.425703E+06
  0.203400E+04     0.427316E+06
  0.203500E+04     0.430140E+06
  0.203600E+04     0.434371E+06
  0.203700E+04     0.439596E+06
  0.203800E+04     0.446086E+06
  0.203900E+04     0.454247E+06
  0.204000E+04     0.465854E+06
  0.204100E+04     0.477840E+06
  0.204200E+04     0.490971E+06
  0.204300E+04     0.507054E+06
  0.204400E+04     0.525652E+06
  0.204500E+04     0.546195E+06
  0.204600E+04     0.568755E+06
  0.204700E+04     0.594079E+06
  0.204800E+04     0.624675E+06
  0.204900E+04     0.659500E+06
  0.205000E+04     0.698940E+06
  0.205100E+04     0.747706E+06
  0.205200E+04     0.806930E+06
  0.205300E+04     0.875170E+06
  0.205400E+04     0.952472E+06
  0.205500E+04     0.104804E+07
  0.205600E+04     0.115992E+07
  0.205700E+04     0.129206E+07
  0.205800E+04     0.145147E+07
  0.205900E+04     0.166787E+07
  0.206000E+04     0.192748E+07
  0.206100E+04     0.222323E+07
  0.206200E+04     0.254638E+07
  0.206300E+04     0.282604E+07
  0.206400E+04     0.303536E+07
  0.206500E+04     0.316184E+07
  0.206600E+04     0.316742E+07
  0.206700E+04     0.306956E+07
  0.206800E+04     0.290892E+07
  0.206900E+04     0.270495E+07
  0.207000E+04     0.253305E+07
  0.207100E+04     0.247081E+07
  0.207200E+04     0.251239E+07
  0.207300E+04     0.266282E+07
  0.207400E+04     0.296209E+07
  0.207500E+04     0.336400E+07
  0.207600E+04     0.390103E+07
  0.207700E+04     0.462588E+07
  0.207800E+04     0.582474E+07
  0.207900E+04     0.741082E+07
  0.208000E+04     0.930343E+07
  0.208100E+04     0.113839E+08
  0.208200E+04     0.130968E+08
  0.208300E+04     0.143190E+08
  0.208400E+04     0.149759E+08
  0.208500E+04     0.148170E+08
  0.208600E+04     0.137676E+08
  0.208700E+04     0.121960E+08
  0.208800E+04     0.102701E+08
  0.208900E+04     0.853702E+07
  0.209000E+04     0.734705E+07
  0.209100E+04     0.659645E+07
  0.209200E+04     0.625785E+07
  0.209300E+04     0.631853E+07
  0.209400E+04     0.654702E+07
  0.209500E+04     0.690856E+07
  0.209600E+04     0.738306E+07
  0.209700E+04     0.797977E+07
  0.209800E+04     0.866930E+07
  0.209900E+04     0.946500E+07
  0.210000E+04     0.104028E+08
  0.210100E+04     0.116074E+08
  0.210200E+04     0.130280E+08
  0.210300E+04     0.146309E+08
  0.210400E+04     0.163560E+08
  0.210500E+04     0.178149E+08
  0.210600E+04     0.188444E+08
  0.210700E+04     0.193501E+08
  0.210800E+04     0.190404E+08
  0.210900E+04     0.179617E+08
  0.211000E+04     0.163407E+08
  0.211100E+04     0.142668E+08
  0.211200E+04     0.120096E+08
  0.211300E+04     0.100200E+08
  0.211400E+04     0.834309E+07
  0.211500E+04     0.703204E+07
  0.211600E+04     0.619872E+07
  0.211700E+04     0.559322E+07
  0.211800E+04     0.517848E+07
  0.211900E+04     0.493153E+07
  0.212000E+04     0.484984E+07
  0.212100E+04     0.485804E+07
  0.212200E+04     0.494097E+07
  0.212300E+04     0.508549E+07
  0.212400E+04     0.526201E+07
  0.212500E+04     0.542015E+07
  0.212600E+04     0.554133E+07
  0.212700E+04     0.558500E+07
  0.212800E+04     0.552002E+07
  0.212900E+04     0.537692E+07
  0.213000E+04     0.516378E+07
  0.213100E+04     0.488873E+07
  0.213200E+04     0.461330E+07
  0.213300E+04     0.436172E+07
  0.213400E+04     0.414851E+07
  0.213500E+04     0.401590E+07
  0.213600E+04     0.394794E+07
  0.213700E+04     0.393278E+07
  0.213800E+04     0.396729E+07
  0.213900E+04     0.407234E+07
  0.214000E+04     0.421500E+07
  0.214100E+04     0.439425E+07
  0.214200E+04     0.461208E+07
  0.214300E+04     0.488687E+07
  0.214400E+04     0.522229E+07
  0.214500E+04     0.562892E+07
  0.214600E+04     0.612960E+07
  0.214700E+04     0.678783E+07
  0.214800E+04     0.757356E+07
  0.214900E+04     0.848837E+07
  0.215000E+04     0.955576E+07
  0.215100E+04     0.107492E+08
  0.215200E+04     0.119385E+08
  0.215300E+04     0.130499E+08
  0.215400E+04     0.138879E+08
  0.215500E+04     0.142206E+08
  0.215600E+04     0.141201E+08
  0.215700E+04     0.135826E+08
  0.215800E+04     0.125097E+08
  0.215900E+04     0.111083E+08
  0.216000E+04     0.957330E+07
  0.216100E+04     0.800825E+07
  0.216200E+04     0.670675E+07
  0.216300E+04     0.571766E+07
  0.216400E+04     0.499846E+07
  0.216500E+04     0.453946E+07
  0.216600E+04     0.438405E+07
  0.216700E+04     0.438256E+07
  0.216800E+04     0.451118E+07
  0.216900E+04     0.475623E+07
  0.217000E+04     0.510638E+07
  0.217100E+04     0.548906E+07
  0.217200E+04     0.587992E+07
  0.217300E+04     0.624675E+07
  0.217400E+04     0.653470E+07
  0.217500E+04     0.673986E+07
  0.217600E+04     0.685713E+07
  0.217700E+04     0.686768E+07
  0.217800E+04     0.677759E+07
  0.217900E+04     0.664706E+07
  0.218000E+04     0.649114E+07
  0.218100E+04     0.632819E+07
  0.218200E+04     0.619745E+07
  0.218300E+04     0.611005E+07
  0.218400E+04     0.607467E+07
  0.218500E+04     0.611982E+07
  0.218600E+04     0.625702E+07
  0.218700E+04     0.646664E+07
  0.218800E+04     0.674856E+07
  0.218900E+04     0.713460E+07
  0.219000E+04     0.760799E+07
  0.219100E+04     0.816562E+07
  0.219200E+04     0.881297E+07
  0.219300E+04     0.958914E+07
  0.219400E+04     0.104313E+08
  0.219500E+04     0.112925E+08
  0.219600E+04     0.121381E+08
  0.219700E+04     0.128144E+08
  0.219800E+04     0.132929E+08
  0.219900E+04     0.135558E+08
  0.220000E+04     0.135748E+08
  0.220100E+04     0.132055E+08
  0.220200E+04     0.126394E+08
  0.220300E+04     0.119197E+08
  0.220400E+04     0.110897E+08
  0.220500E+04     0.102214E+08
  0.220600E+04     0.937355E+07
  0.220700E+04     0.855998E+07
  0.220800E+04     0.780268E+07
  0.220900E+04     0.712154E+07
  0.221000E+04     0.650211E+07
  0.221100E+04     0.594418E+07
  0.221200E+04     0.545617E+07
  0.221300E+04     0.504378E+07
  0.221400E+04     0.467626E+07
  0.221500E+04     0.434932E+07
  0.221600E+04     0.406754E+07
  0.221700E+04     0.382541E+07
  0.221800E+04     0.361160E+07
  0.221900E+04     0.342426E+07
  0.222000E+04     0.326650E+07
  0.222100E+04     0.313107E+07
  0.222200E+04     0.301039E+07
  0.222300E+04     0.290289E+07
  0.222400E+04     0.281193E+07
  0.222500E+04     0.273317E+07
  0.222600E+04     0.266268E+07
  0.222700E+04     0.259950E+07
  0.222800E+04     0.254734E+07
  0.222900E+04     0.250744E+07
  0.223000E+04     0.247635E+07
  0.223100E+04     0.245332E+07
  0.223200E+04     0.245010E+07
  0.223300E+04     0.246469E+07
  0.223400E+04     0.250096E+07
  0.223500E+04     0.256341E+07
  0.223600E+04     0.267863E+07
  0.223700E+04     0.282515E+07
  0.223800E+04     0.298038E+07
  0.223900E+04     0.312418E+07
  0.224000E+04     0.318077E+07
  0.224100E+04     0.316052E+07
  0.224200E+04     0.306299E+07
  0.224300E+04     0.288400E+07
  0.224400E+04     0.260216E+07
  0.224500E+04     0.229667E+07
  0.224600E+04     0.199426E+07
  0.224700E+04     0.173048E+07
  0.224800E+04     0.154638E+07
  0.224900E+04     0.140679E+07
  0.225000E+04     0.130411E+07
  0.225100E+04     0.123166E+07
  0.225200E+04     0.117958E+07
  0.225300E+04     0.113798E+07
  0.225400E+04     0.110510E+07
  0.225500E+04     0.108002E+07
  0.225600E+04     0.106053E+07
  0.225700E+04     0.104321E+07
  0.225800E+04     0.102789E+07
  0.225900E+04     0.101565E+07
  0.226000E+04     0.100418E+07
  0.226100E+04     0.992210E+06
  0.226200E+04     0.978876E+06
  0.226300E+04     0.961894E+06
  0.226400E+04     0.943122E+06
  0.226500E+04     0.922798E+06
  0.226600E+04     0.900821E+06
  0.226700E+04     0.876502E+06
  0.226800E+04     0.850460E+06
  0.226900E+04     0.823907E+06
  0.227000E+04     0.797371E+06
  0.227100E+04     0.771821E+06
  0.227200E+04     0.747848E+06
  0.227300E+04     0.725897E+06
  0.227400E+04     0.706075E+06
  0.227500E+04     0.687719E+06
  0.227600E+04     0.670504E+06
  0.227700E+04     0.654946E+06
  0.227800E+04     0.641347E+06
  0.227900E+04     0.630000E+06
  0.228000E+04     0.619798E+06
  0.228100E+04     0.610472E+06
  0.228200E+04     0.601840E+06
  0.228300E+04     0.593049E+06
  0.228400E+04     0.585845E+06
  0.228500E+04     0.578852E+06
  0.228600E+04     0.571352E+06
  0.228700E+04     0.564608E+06
  0.228800E+04     0.558777E+06
  0.228900E+04     0.553370E+06
  0.229000E+04     0.548085E+06
  0.229100E+04     0.543154E+06
  0.229200E+04     0.538678E+06
  0.229300E+04     0.534389E+06
  0.229400E+04     0.530095E+06
  0.229500E+04     0.526083E+06
  0.229600E+04     0.521837E+06
  0.229700E+04     0.517921E+06
  0.229800E+04     0.514838E+06
  0.229900E+04     0.512526E+06
  0.230000E+04     0.512382E+06
  0.230100E+04     0.514195E+06
  0.230200E+04     0.517798E+06
  0.230300E+04     0.524488E+06
  0.230400E+04     0.534304E+06
  0.230500E+04     0.546294E+06
  0.230600E+04     0.559454E+06
  0.230700E+04     0.575896E+06
  0.230800E+04     0.595456E+06
  0.230900E+04     0.618754E+06
  0.231000E+04     0.646694E+06
  0.231100E+04     0.685142E+06
  0.231200E+04     0.733221E+06
  0.231300E+04     0.792764E+06
  0.231400E+04     0.866799E+06
  0.231500E+04     0.965741E+06
  0.231600E+04     0.108418E+07
  0.231700E+04     0.122283E+07
  0.231800E+04     0.138411E+07
  0.231900E+04     0.156864E+07
  0.232000E+04     0.174934E+07
  0.232100E+04     0.191210E+07
  0.232200E+04     0.203596E+07
  0.232300E+04     0.206844E+07
  0.232400E+04     0.202696E+07
  0.232500E+04     0.191550E+07
  0.232600E+04     0.173490E+07
  0.232700E+04     0.149913E+07
  0.232800E+04     0.125685E+07
  0.232900E+04     0.102584E+07
  0.233000E+04     0.831842E+06
  0.233100E+04     0.697808E+06
  0.233200E+04     0.599060E+06
  0.233300E+04     0.529579E+06
  0.233400E+04     0.483856E+06
  0.233500E+04     0.453947E+06
  0.233600E+04     0.431474E+06
  0.233700E+04     0.414817E+06
  0.233800E+04     0.402766E+06
  0.233900E+04     0.394771E+06
  0.234000E+04     0.388356E+06
  0.234100E+04     0.383110E+06
  0.234200E+04     0.378805E+06
  0.234300E+04     0.375960E+06
  0.234400E+04     0.372847E+06
  0.234500E+04     0.369319E+06
  0.234600E+04     0.365470E+06
  0.234700E+04     0.362080E+06
  0.234800E+04     0.358378E+06
  0.234900E+04     0.354367E+06
  0.235000E+04     0.350237E+06
  0.235100E+04     0.346276E+06
  0.235200E+04     0.343198E+06
  0.235300E+04     0.340724E+06
  0.235400E+04     0.338058E+06
  0.235500E+04     0.336373E+06
  0.235600E+04     0.335416E+06
  0.235700E+04     0.335107E+06
  0.235800E+04     0.335368E+06
  0.235900E+04     0.336361E+06
  0.236000E+04     0.337145E+06
  0.236100E+04     0.338115E+06
  0.236200E+04     0.340459E+06
  0.236300E+04     0.343464E+06
  0.236400E+04     0.346344E+06
  0.236500E+04     0.349593E+06
  0.236600E+04     0.354577E+06
  0.236700E+04     0.360622E+06
  0.236800E+04     0.367789E+06
  0.236900E+04     0.376018E+06
  0.237000E+04     0.385208E+06
  0.237100E+04     0.395098E+06
  0.237200E+04     0.406175E+06
  0.237300E+04     0.418584E+06
  0.237400E+04     0.432581E+06
  0.237500E+04     0.446733E+06
  0.237600E+04     0.462818E+06
  0.237700E+04     0.480942E+06
  0.237800E+04     0.500989E+06
  0.237900E+04     0.527837E+06
  0.238000E+04     0.558901E+06
  0.238100E+04     0.594989E+06
  0.238200E+04     0.638548E+06
  0.238300E+04     0.691057E+06
  0.238400E+04     0.747207E+06
  0.238500E+04     0.806546E+06
  0.238600E+04     0.869404E+06
  0.238700E+04     0.930984E+06
  0.238800E+04     0.985413E+06
  0.238900E+04     0.102924E+07
  0.239000E+04     0.105674E+07
  0.239100E+04     0.105018E+07
  0.239200E+04     0.101916E+07
  0.239300E+04     0.965150E+06
  0.239400E+04     0.888352E+06
  0.239500E+04     0.793190E+06
  0.239600E+04     0.696500E+06
  0.239700E+04     0.603746E+06
  0.239800E+04     0.521814E+06
  0.239900E+04     0.463636E+06
  0.240000E+04     0.420736E+06
  0.240100E+04     0.391237E+06
  0.240200E+04     0.373530E+06
  0.240300E+04     0.365186E+06
  0.240400E+04     0.361364E+06
  0.240500E+04     0.361189E+06
  0.240600E+04     0.363875E+06
  0.240700E+04     0.368719E+06
  0.240800E+04     0.375485E+06
  0.240900E+04     0.384565E+06
  0.241000E+04     0.396485E+06
  0.241100E+04     0.412533E+06
  0.241200E+04     0.432268E+06
  0.241300E+04     0.456021E+06
  0.241400E+04     0.484174E+06
  0.241500E+04     0.522748E+06
  0.241600E+04     0.570156E+06
  0.241700E+04     0.625139E+06
  0.241800E+04     0.686411E+06
  0.241900E+04     0.757033E+06
  0.242000E+04     0.831935E+06
  0.242100E+04     0.907111E+06
  0.242200E+04     0.978451E+06
  0.242300E+04     0.102411E+07
  0.242400E+04     0.104097E+07
  0.242500E+04     0.102731E+07
  0.242600E+04     0.981284E+06
  0.242700E+04     0.896204E+06
  0.242800E+04     0.792122E+06
  0.242900E+04     0.678882E+06
  0.243000E+04     0.564431E+06
  0.243100E+04     0.467583E+06
  0.243200E+04     0.392628E+06
  0.243300E+04     0.336753E+06
  0.243400E+04     0.298382E+06
  0.243500E+04     0.275328E+06
  0.243600E+04     0.259334E+06
  0.243700E+04     0.247934E+06
  0.243800E+04     0.239824E+06
  0.243900E+04     0.234320E+06
  0.244000E+04     0.230282E+06
  0.244100E+04     0.226518E+06
  0.244200E+04     0.222730E+06
  0.244300E+04     0.220596E+06
  0.244400E+04     0.218680E+06
  0.244500E+04     0.217016E+06
  0.244600E+04     0.215551E+06
  0.244700E+04     0.213890E+06
  0.244800E+04     0.212447E+06
  0.244900E+04     0.211197E+06
  0.245000E+04     0.210256E+06
  0.245100E+04     0.210184E+06
  0.245200E+04     0.209360E+06
  0.245300E+04     0.208471E+06
  0.245400E+04     0.207711E+06
  0.245500E+04     0.207144E+06
  0.245600E+04     0.206933E+06
  0.245700E+04     0.206766E+06
  0.245800E+04     0.206683E+06
  0.245900E+04     0.207010E+06
  0.246000E+04     0.207095E+06
  0.246100E+04     0.207365E+06
  0.246200E+04     0.207833E+06
  0.246300E+04     0.208365E+06
  0.246400E+04     0.209046E+06
  0.246500E+04     0.209673E+06
  0.246600E+04     0.210442E+06
  0.246700E+04     0.211790E+06
  0.246800E+04     0.212965E+06
  0.246900E+04     0.214272E+06
  0.247000E+04     0.215568E+06
  0.247100E+04     0.216584E+06
  0.247200E+04     0.217640E+06
  0.247300E+04     0.218734E+06
  0.247400E+04     0.219820E+06
  0.247500E+04     0.220841E+06
  0.247600E+04     0.222002E+06
  0.247700E+04     0.223129E+06
  0.247800E+04     0.224022E+06
  0.247900E+04     0.224489E+06
  0.248000E+04     0.225079E+06
  0.248100E+04     0.225387E+06
  0.248200E+04     0.225485E+06
  0.248300E+04     0.225418E+06
  0.248400E+04     0.224820E+06
  0.248500E+04     0.224725E+06
  0.248600E+04     0.224593E+06
  0.248700E+04     0.224117E+06
  0.248800E+04     0.223936E+06
  0.248900E+04     0.223928E+06
  0.249000E+04     0.223995E+06
  0.249100E+04     0.224125E+06
  0.249200E+04     0.224640E+06
  0.249300E+04     0.224706E+06
  0.249400E+04     0.224780E+06
  0.249500E+04     0.224949E+06
  0.249600E+04     0.224691E+06
  0.249700E+04     0.224525E+06
  0.249800E+04     0.223994E+06
  0.249900E+04     0.223132E+06
  0.250000E+04     0.222621E+06
  0.250100E+04     0.221319E+06
  0.250200E+04     0.219951E+06
  0.250300E+04     0.218591E+06
  0.250400E+04     0.216991E+06
  0.250500E+04     0.215260E+06
  0.250600E+04     0.213236E+06
  0.250700E+04     0.211158E+06
  0.250800E+04     0.209596E+06
  0.250900E+04     0.208373E+06
  0.251000E+04     0.206721E+06
  0.251100E+04     0.205059E+06
  0.251200E+04     0.204194E+06
  0.251300E+04     0.203192E+06
  0.251400E+04     0.202129E+06
  0.251500E+04     0.201114E+06
  0.251600E+04     0.200270E+06
  0.251700E+04     0.199330E+06
  0.251800E+04     0.198017E+06
  0.251900E+04     0.196843E+06
  0.252000E+04     0.196255E+06
  0.252100E+04     0.195297E+06
  0.252200E+04     0.194592E+06
  0.252300E+04     0.194053E+06
  0.252400E+04     0.193631E+06
  0.252500E+04     0.193468E+06
  0.252600E+04     0.192948E+06
  0.252700E+04     0.192239E+06
  0.252800E+04     0.191501E+06
  0.252900E+04     0.191259E+06
  0.253000E+04     0.191159E+06
  0.253100E+04     0.191202E+06
  0.253200E+04     0.191185E+06
  0.253300E+04     0.190170E+06
  0.253400E+04     0.190360E+06
  0.253500E+04     0.190523E+06
  0.253600E+04     0.190460E+06
  0.253700E+04     0.190492E+06
  0.253800E+04     0.190427E+06
  0.253900E+04     0.190310E+06
  0.254000E+04     0.190240E+06
  0.254100E+04     0.190415E+06
  0.254200E+04     0.190542E+06
  0.254300E+04     0.190727E+06
  0.254400E+04     0.191032E+06
  0.254500E+04     0.191534E+06
  0.254600E+04     0.191866E+06
  0.254700E+04     0.192246E+06
  0.254800E+04     0.192635E+06
  0.254900E+04     0.192985E+06
  0.255000E+04     0.193425E+06
  0.255100E+04     0.193963E+06
  0.255200E+04     0.194627E+06
  0.255300E+04     0.195404E+06
  0.255400E+04     0.195836E+06
  0.255500E+04     0.196784E+06
  0.255600E+04     0.197961E+06
  0.255700E+04     0.199151E+06
  0.255800E+04     0.199876E+06
  0.255900E+04     0.201065E+06
  0.256000E+04     0.202546E+06
  0.256100E+04     0.204187E+06
  0.256200E+04     0.205675E+06
  0.256300E+04     0.206622E+06
  0.256400E+04     0.207748E+06
  0.256500E+04     0.209058E+06
  0.256600E+04     0.210077E+06
  0.256700E+04     0.210717E+06
  0.256800E+04     0.210760E+06
  0.256900E+04     0.210734E+06
  0.257000E+04     0.211704E+06
  0.257100E+04     0.211263E+06
  0.257200E+04     0.210715E+06
  0.257300E+04     0.210054E+06
  0.257400E+04     0.209159E+06
  0.257500E+04     0.207981E+06
  0.257600E+04     0.206595E+06
  0.257700E+04     0.205143E+06
  0.257800E+04     0.203744E+06
  0.257900E+04     0.202286E+06
  0.258000E+04     0.200704E+06
  0.258100E+04     0.199355E+06
  0.258200E+04     0.198380E+06
  0.258300E+04     0.197223E+06
  0.258400E+04     0.196289E+06
  0.258500E+04     0.195465E+06
  0.258600E+04     0.194669E+06
  0.258700E+04     0.193725E+06
  0.258800E+04     0.192992E+06
  0.258900E+04     0.192388E+06
  0.259000E+04     0.191899E+06
  0.259100E+04     0.191541E+06
  0.259200E+04     0.191517E+06
  0.259300E+04     0.191227E+06
  0.259400E+04     0.190929E+06
  0.259500E+04     0.191223E+06
  0.259600E+04     0.191253E+06
  0.259700E+04     0.191225E+06
  0.259800E+04     0.191204E+06
  0.259900E+04     0.191246E+06
  0.260000E+04     0.191014E+06
  0.260100E+04     0.190484E+06
  0.260200E+04     0.189902E+06
  0.260300E+04     0.189389E+06
  0.260400E+04     0.188066E+06
  0.260500E+04     0.187065E+06
  0.260600E+04     0.186103E+06
  0.260700E+04     0.185085E+06
  0.260800E+04     0.184245E+06
  0.260900E+04     0.183433E+06
  0.261000E+04     0.182593E+06
  0.261100E+04     0.181727E+06
  0.261200E+04     0.180897E+06
  0.261300E+04     0.180394E+06
  0.261400E+04     0.179529E+06
  0.261500E+04     0.178458E+06
  0.261600E+04     0.177714E+06
  0.261700E+04     0.176646E+06
  0.261800E+04     0.175755E+06
  0.261900E+04     0.175014E+06
  0.262000E+04     0.174347E+06
  0.262100E+04     0.173983E+06
  0.262200E+04     0.173432E+06
  0.262300E+04     0.172920E+06
  0.262400E+04     0.172590E+06
  0.262500E+04     0.171993E+06
  0.262600E+04     0.171822E+06
  0.262700E+04     0.171602E+06
  0.262800E+04     0.171186E+06
  0.262900E+04     0.171036E+06
  0.263000E+04     0.170687E+06
  0.263100E+04     0.170559E+06
  0.263200E+04     0.170550E+06
  0.263300E+04     0.169984E+06
  0.263400E+04     0.169909E+06
  0.263500E+04     0.170102E+06
  0.263600E+04     0.170244E+06
  0.263700E+04     0.169827E+06
  0.263800E+04     0.169880E+06
  0.263900E+04     0.169831E+06
  0.264000E+04     0.169712E+06
  0.264100E+04     0.169599E+06
  0.264200E+04     0.169771E+06
  0.264300E+04     0.170021E+06
  0.264400E+04     0.170214E+06
  0.264500E+04     0.170239E+06
  0.264600E+04     0.169880E+06
  0.264700E+04     0.169904E+06
  0.264800E+04     0.169752E+06
  0.264900E+04     0.169309E+06
  0.265000E+04     0.168982E+06
  0.265100E+04     0.168190E+06
  0.265200E+04     0.167518E+06
  0.265300E+04     0.167018E+06
  0.265400E+04     0.166524E+06
  0.265500E+04     0.166298E+06
  0.265600E+04     0.166126E+06
  0.265700E+04     0.165887E+06
  0.265800E+04     0.165444E+06
  0.265900E+04     0.165245E+06
  0.266000E+04     0.165225E+06
  0.266100E+04     0.165180E+06
  0.266200E+04     0.164976E+06
  0.266300E+04     0.164967E+06
  0.266400E+04     0.165229E+06
  0.266500E+04     0.165404E+06
  0.266600E+04     0.165377E+06
  0.266700E+04     0.165375E+06
  0.266800E+04     0.165439E+06
  0.266900E+04     0.165598E+06
  0.267000E+04     0.165784E+06
  0.267100E+04     0.165805E+06
  0.267200E+04     0.165726E+06
  0.267300E+04     0.165718E+06
  0.267400E+04     0.165791E+06
  0.267500E+04     0.165931E+06
  0.267600E+04     0.165919E+06
  0.267700E+04     0.166067E+06
  0.267800E+04     0.166186E+06
  0.267900E+04     0.166131E+06
  0.268000E+04     0.166122E+06
  0.268100E+04     0.166068E+06
  0.268200E+04     0.165874E+06
  0.268300E+04     0.165571E+06
  0.268400E+04     0.165526E+06
  0.268500E+04     0.165242E+06
  0.268600E+04     0.165180E+06
  0.268700E+04     0.165301E+06
  0.268800E+04     0.165229E+06
  0.268900E+04     0.164956E+06
  0.269000E+04     0.164680E+06
  0.269100E+04     0.164579E+06
  0.269200E+04     0.164854E+06
  0.269300E+04     0.165005E+06
  0.269400E+04     0.165045E+06
  0.269500E+04     0.165046E+06
  0.269600E+04     0.165059E+06
  0.269700E+04     0.164992E+06
  0.269800E+04     0.165155E+06
  0.269900E+04     0.165313E+06
  0.270000E+04     0.165437E+06
  0.270100E+04     0.165811E+06
  0.270200E+04     0.165799E+06
  0.270300E+04     0.165748E+06
  0.270400E+04     0.165776E+06
  0.270500E+04     0.165984E+06
  0.270600E+04     0.166076E+06
  0.270700E+04     0.166079E+06
  0.270800E+04     0.166124E+06
  0.270900E+04     0.166337E+06
  0.271000E+04     0.166168E+06
  0.271100E+04     0.165984E+06
  0.271200E+04     0.165987E+06
  0.271300E+04     0.166248E+06
  0.271400E+04     0.166380E+06
  0.271500E+04     0.166580E+06
  0.271600E+04     0.166478E+06
  0.271700E+04     0.166198E+06
  0.271800E+04     0.166494E+06
  0.271900E+04     0.166473E+06
  0.272000E+04     0.166621E+06
  0.272100E+04     0.166887E+06
  0.272200E+04     0.167089E+06
  0.272300E+04     0.167206E+06
  0.272400E+04     0.167308E+06
  0.272500E+04     0.167399E+06
  0.272600E+04     0.167512E+06
  0.272700E+04     0.168078E+06
  0.272800E+04     0.168344E+06
  0.272900E+04     0.168668E+06
  0.273000E+04     0.169168E+06
  0.273100E+04     0.169680E+06
  0.273200E+04     0.170399E+06
  0.273300E+04     0.171040E+06
  0.273400E+04     0.171551E+06
  0.273500E+04     0.171947E+06
  0.273600E+04     0.172164E+06
  0.273700E+04     0.172357E+06
  0.273800E+04     0.172210E+06
  0.273900E+04     0.171444E+06
  0.274000E+04     0.171147E+06
  0.274100E+04     0.170598E+06
  0.274200E+04     0.170070E+06
  0.274300E+04     0.169617E+06
  0.274400E+04     0.168725E+06
  0.274500E+04     0.168273E+06
  0.274600E+04     0.167933E+06
  0.274700E+04     0.167548E+06
  0.274800E+04     0.166942E+06
  0.274900E+04     0.166847E+06
  0.275000E+04     0.166726E+06
  0.275100E+04     0.166652E+06
  0.275200E+04     0.166748E+06
  0.275300E+04     0.166433E+06
  0.275400E+04     0.166325E+06
  0.275500E+04     0.166364E+06
  0.275600E+04     0.166508E+06
  0.275700E+04     0.166733E+06
  0.275800E+04     0.166940E+06
  0.275900E+04     0.166994E+06
  0.276000E+04     0.166957E+06
  0.276100E+04     0.167105E+06
  0.276200E+04     0.167264E+06
  0.276300E+04     0.167529E+06
  0.276400E+04     0.167808E+06
  0.276500E+04     0.167970E+06
  0.276600E+04     0.168117E+06
  0.276700E+04     0.168109E+06
  0.276800E+04     0.168272E+06
  0.276900E+04     0.168721E+06
  0.277000E+04     0.168769E+06
  0.277100E+04     0.168994E+06
  0.277200E+04     0.169304E+06
  0.277300E+04     0.169655E+06
  0.277400E+04     0.169999E+06
  0.277500E+04     0.170502E+06
  0.277600E+04     0.170775E+06
  0.277700E+04     0.170953E+06
  0.277800E+04     0.171266E+06
  0.277900E+04     0.171666E+06
  0.278000E+04     0.171973E+06
  0.278100E+04     0.172139E+06
  0.278200E+04     0.172189E+06
  0.278300E+04     0.172457E+06
  0.278400E+04     0.172385E+06
  0.278500E+04     0.172280E+06
  0.278600E+04     0.172239E+06
  0.278700E+04     0.172290E+06
  0.278800E+04     0.172274E+06
  0.278900E+04     0.172399E+06
  0.279000E+04     0.172548E+06
  0.279100E+04     0.172565E+06
  0.279200E+04     0.172853E+06
  0.279300E+04     0.172743E+06
  0.279400E+04     0.172566E+06
  0.279500E+04     0.172552E+06
  0.279600E+04     0.172887E+06
  0.279700E+04     0.172883E+06
  0.279800E+04     0.172960E+06
  0.279900E+04     0.173078E+06
  0.280000E+04     0.172905E+06
  0.280100E+04     0.172903E+06
  0.280200E+04     0.173188E+06
  0.280300E+04     0.173566E+06
  0.280400E+04     0.173856E+06
  0.280500E+04     0.174678E+06
  0.280600E+04     0.175551E+06
  0.280700E+04     0.176232E+06
  0.280800E+04     0.176745E+06
  0.280900E+04     0.177719E+06
  0.281000E+04     0.178593E+06
  0.281100E+04     0.179324E+06
  0.281200E+04     0.179926E+06
  0.281300E+04     0.180436E+06
  0.281400E+04     0.181232E+06
  0.281500E+04     0.181856E+06
  0.281600E+04     0.182534E+06
  0.281700E+04     0.183408E+06
  0.281800E+04     0.183848E+06
  0.281900E+04     0.184380E+06
  0.282000E+04     0.185073E+06
  0.282100E+04     0.185894E+06
  0.282200E+04     0.186651E+06
  0.282300E+04     0.187533E+06
  0.282400E+04     0.188151E+06
  0.282500E+04     0.188605E+06
  0.282600E+04     0.189116E+06
  0.282700E+04     0.189829E+06
  0.282800E+04     0.190679E+06
  0.282900E+04     0.191204E+06
  0.283000E+04     0.191246E+06
  0.283100E+04     0.191604E+06
  0.283200E+04     0.191935E+06
  0.283300E+04     0.192047E+06
  0.283400E+04     0.191912E+06
  0.283500E+04     0.191582E+06
  0.283600E+04     0.191151E+06
  0.283700E+04     0.190646E+06
  0.283800E+04     0.190251E+06
  0.283900E+04     0.190090E+06
  0.284000E+04     0.189414E+06
  0.284100E+04     0.188925E+06
  0.284200E+04     0.188789E+06
  0.284300E+04     0.188957E+06
  0.284400E+04     0.188983E+06
  0.284500E+04     0.189705E+06
  0.284600E+04     0.190325E+06
  0.284700E+04     0.190762E+06
  0.284800E+04     0.191084E+06
  0.284900E+04     0.192103E+06
  0.285000E+04     0.193181E+06
  0.285100E+04     0.193788E+06
  0.285200E+04     0.193741E+06
  0.285300E+04     0.194044E+06
  0.285400E+04     0.193953E+06
  0.285500E+04     0.193905E+06
  0.285600E+04     0.193980E+06
  0.285700E+04     0.194097E+06
  0.285800E+04     0.194220E+06
  0.285900E+04     0.194333E+06
  0.286000E+04     0.194558E+06
  0.286100E+04     0.195012E+06
  0.286200E+04     0.195740E+06
  0.286300E+04     0.196894E+06
  0.286400E+04     0.198210E+06
  0.286500E+04     0.199612E+06
  0.286600E+04     0.201203E+06
  0.286700E+04     0.203339E+06
  0.286800E+04     0.205966E+06
  0.286900E+04     0.208964E+06
  0.287000E+04     0.212174E+06
  0.287100E+04     0.215970E+06
  0.287200E+04     0.220095E+06
  0.287300E+04     0.224617E+06
  0.287400E+04     0.229587E+06
  0.287500E+04     0.235099E+06
  0.287600E+04     0.241414E+06
  0.287700E+04     0.248308E+06
  0.287800E+04     0.255710E+06
  0.287900E+04     0.263553E+06
  0.288000E+04     0.271187E+06
  0.288100E+04     0.278734E+06
  0.288200E+04     0.285294E+06
  0.288300E+04     0.290283E+06
  0.288400E+04     0.294003E+06
  0.288500E+04     0.295322E+06
  0.288600E+04     0.294653E+06
  0.288700E+04     0.292045E+06
  0.288800E+04     0.287396E+06
  0.288900E+04     0.282450E+06
  0.289000E+04     0.276782E+06
  0.289100E+04     0.271227E+06
  0.289200E+04     0.266479E+06
  0.289300E+04     0.261511E+06
  0.289400E+04     0.256958E+06
  0.289500E+04     0.253189E+06
  0.289600E+04     0.250342E+06
  0.289700E+04     0.248421E+06
  0.289800E+04     0.246906E+06
  0.289900E+04     0.245924E+06
  0.290000E+04     0.245486E+06
  0.290100E+04     0.245593E+06
  0.290200E+04     0.246835E+06
  0.290300E+04     0.248948E+06
  0.290400E+04     0.251946E+06
  0.290500E+04     0.255963E+06
  0.290600E+04     0.261492E+06
  0.290700E+04     0.267278E+06
  0.290800E+04     0.273980E+06
  0.290900E+04     0.281184E+06
  0.291000E+04     0.288202E+06
  0.291100E+04     0.294787E+06
  0.291200E+04     0.300104E+06
  0.291300E+04     0.303446E+06
  0.291400E+04     0.304543E+06
  0.291500E+04     0.303663E+06
  0.291600E+04     0.300555E+06
  0.291700E+04     0.295726E+06
  0.291800E+04     0.289492E+06
  0.291900E+04     0.282276E+06
  0.292000E+04     0.274037E+06
  0.292100E+04     0.266289E+06
  0.292200E+04     0.259316E+06
  0.292300E+04     0.253087E+06
  0.292400E+04     0.246716E+06
  0.292500E+04     0.241151E+06
  0.292600E+04     0.236085E+06
  0.292700E+04     0.231453E+06
  0.292800E+04     0.227221E+06
  0.292900E+04     0.223514E+06
  0.293000E+04     0.220297E+06
  0.293100E+04     0.217389E+06
  0.293200E+04     0.214631E+06
  0.293300E+04     0.211894E+06
  0.293400E+04     0.209287E+06
  0.293500E+04     0.207203E+06
  0.293600E+04     0.205496E+06
  0.293700E+04     0.203750E+06
  0.293800E+04     0.202425E+06
  0.293900E+04     0.201278E+06
  0.294000E+04     0.200338E+06
  0.294100E+04     0.199573E+06
  0.294200E+04     0.198685E+06
  0.294300E+04     0.198176E+06
  0.294400E+04     0.197942E+06
  0.294500E+04     0.197679E+06
  0.294600E+04     0.196891E+06
  0.294700E+04     0.197139E+06
  0.294800E+04     0.196970E+06
  0.294900E+04     0.196562E+06
  0.295000E+04     0.196138E+06
  0.295100E+04     0.196101E+06
  0.295200E+04     0.195398E+06
  0.295300E+04     0.194692E+06
  0.295400E+04     0.193957E+06
  0.295500E+04     0.192880E+06
  0.295600E+04     0.192758E+06
  0.295700E+04     0.191720E+06
  0.295800E+04     0.190644E+06
  0.295900E+04     0.190078E+06
  0.296000E+04     0.189571E+06
  0.296100E+04     0.189198E+06
  0.296200E+04     0.189166E+06
  0.296300E+04     0.189294E+06
  0.296400E+04     0.189195E+06
  0.296500E+04     0.188109E+06
  0.296600E+04     0.187699E+06
  0.296700E+04     0.187160E+06
  0.296800E+04     0.186149E+06
  0.296900E+04     0.185625E+06
  0.297000E+04     0.184585E+06
  0.297100E+04     0.183866E+06
  0.297200E+04     0.183388E+06
  0.297300E+04     0.182762E+06
  0.297400E+04     0.182432E+06
  0.297500E+04     0.182216E+06
  0.297600E+04     0.182162E+06
  0.297700E+04     0.182163E+06
  0.297800E+04     0.181656E+06
  0.297900E+04     0.181518E+06
  0.298000E+04     0.181378E+06
  0.298100E+04     0.181197E+06
  0.298200E+04     0.181031E+06
  0.298300E+04     0.181666E+06
  0.298400E+04     0.181899E+06
  0.298500E+04     0.181833E+06
  0.298600E+04     0.181678E+06
  0.298700E+04     0.181979E+06
  0.298800E+04     0.182241E+06
  0.298900E+04     0.182353E+06
  0.299000E+04     0.182390E+06
  0.299100E+04     0.182447E+06
  0.299200E+04     0.182122E+06
  0.299300E+04     0.181586E+06
  0.299400E+04     0.180922E+06
  0.299500E+04     0.180243E+06
  0.299600E+04     0.179778E+06
  0.299700E+04     0.179115E+06
  0.299800E+04     0.178377E+06
  0.299900E+04     0.177495E+06
  0.300000E+04     0.176440E+06
  0.300100E+04     0.175767E+06
  0.300200E+04     0.175256E+06
  0.300300E+04     0.174620E+06
  0.300400E+04     0.173904E+06
  0.300500E+04     0.173460E+06
  0.300600E+04     0.173184E+06
  0.300700E+04     0.172836E+06
  0.300800E+04     0.172612E+06
  0.300900E+04     0.172672E+06
  0.301000E+04     0.172944E+06
  0.301100E+04     0.173038E+06
  0.301200E+04     0.173303E+06
  0.301300E+04     0.173606E+06
  0.301400E+04     0.173520E+06
  0.301500E+04     0.173594E+06
  0.301600E+04     0.173750E+06
  0.301700E+04     0.174127E+06
  0.301800E+04     0.174573E+06
  0.301900E+04     0.173914E+06
  0.302000E+04     0.173840E+06
  0.302100E+04     0.173589E+06
  0.302200E+04     0.173040E+06
  0.302300E+04     0.172260E+06
  0.302400E+04     0.172016E+06
  0.302500E+04     0.171893E+06
  0.302600E+04     0.171813E+06
  0.302700E+04     0.171709E+06
  0.302800E+04     0.171485E+06
  0.302900E+04     0.171460E+06
  0.303000E+04     0.171728E+06
  0.303100E+04     0.172129E+06
  0.303200E+04     0.172495E+06
  0.303300E+04     0.173053E+06
  0.303400E+04     0.173247E+06
  0.303500E+04     0.173567E+06
  0.303600E+04     0.174003E+06
  0.303700E+04     0.174125E+06
  0.303800E+04     0.174434E+06
  0.303900E+04     0.174531E+06
  0.304000E+04     0.174428E+06
  0.304100E+04     0.174158E+06
  0.304200E+04     0.173698E+06
  0.304300E+04     0.173265E+06
  0.304400E+04     0.172868E+06
  0.304500E+04     0.172574E+06
  0.304600E+04     0.172477E+06
  0.304700E+04     0.172224E+06
  0.304800E+04     0.171558E+06
  0.304900E+04     0.171078E+06
  0.305000E+04     0.170990E+06
  0.305100E+04     0.170833E+06
  0.305200E+04     0.170734E+06
  0.305300E+04     0.170736E+06
  0.305400E+04     0.170705E+06
  0.305500E+04     0.170524E+06
  0.305600E+04     0.170633E+06
  0.305700E+04     0.170865E+06
  0.305800E+04     0.170788E+06
  0.305900E+04     0.170523E+06
  0.306000E+04     0.170696E+06
  0.306100E+04     0.170346E+06
  0.306200E+04     0.170248E+06
  0.306300E+04     0.170253E+06
  0.306400E+04     0.170206E+06
  0.306500E+04     0.170065E+06
  0.306600E+04     0.170162E+06
  0.306700E+04     0.170072E+06
  0.306800E+04     0.170602E+06
  0.306900E+04     0.172955E+06
  0.307000E+04     0.175712E+06
