   3.5100000e+02   2.2390587e-03
   3.5200000e+02  -1.4722227e-02
   3.5300000e+02   9.8914305e-03
   3.5400000e+02  -6.1303140e-03
   3.5500000e+02   1.5366764e-02
   3.5600000e+02  -7.4715962e-03
   3.5700000e+02  -2.1233521e-02
   3.5800000e+02  -4.2400559e-02
   3.5900000e+02  -3.3428081e-02
   3.6000000e+02  -1.5953167e-03
   3.6100000e+02   1.8414564e-02
   3.6200000e+02   7.0239191e-03
   3.6300000e+02  -2.8367380e-03
   3.6400000e+02  -4.2666115e-04
   3.6500000e+02  -3.3160789e-02
   3.6600000e+02  -5.8110624e-02
   3.6700000e+02  -2.2929382e-02
   3.6800000e+02  -7.8064813e-04
   3.6900000e+02   9.8551874e-03
   3.7000000e+02   1.9868050e-02
   3.7100000e+02  -4.3813072e-03
   3.7200000e+02  -1.7009997e-03
   3.7300000e+02  -2.5988166e-02
   3.7400000e+02  -3.0442129e-02
   3.7500000e+02  -4.2952392e-02
   3.7600000e+02  -3.8376577e-02
   3.7700000e+02  -3.8298239e-02
   3.7800000e+02   5.5686353e-03
   3.7900000e+02  -1.5755866e-02
   3.8000000e+02  -4.8572195e-02
   3.8100000e+02  -4.2171463e-02
   3.8200000e+02  -6.7617490e-02
   3.8300000e+02  -6.1400843e-02
   3.8400000e+02  -5.0537461e-03
   3.8500000e+02  -2.0316948e-02
   3.8600000e+02  -5.4409842e-02
   3.8700000e+02  -4.4435365e-02
   3.8800000e+02  -1.4117932e-02
   3.8900000e+02  -4.5008063e-02
   3.9000000e+02  -9.3340967e-02
   3.9100000e+02  -1.2259396e-01
   3.9200000e+02  -1.1213946e-01
   3.9300000e+02  -1.1031986e-01
   3.9400000e+02  -8.4563839e-02
   3.9500000e+02  -4.9356339e-02
   3.9600000e+02  -7.2203689e-02
   3.9700000e+02  -7.1601324e-02
   3.9800000e+02  -9.6195673e-02
   3.9900000e+02  -9.7856450e-02
   4.0000000e+02  -7.4203112e-02
   4.0100000e+02  -6.6508759e-02
   4.0200000e+02  -6.3028214e-02
   4.0300000e+02  -6.4097056e-02
   4.0400000e+02  -1.1324790e-01
   4.0500000e+02  -5.2889594e-02
   4.0600000e+02  -4.6241870e-02
   4.0700000e+02  -8.0158160e-02
   4.0800000e+02  -3.3664669e-02
   4.0900000e+02  -1.0739607e-03
   4.1000000e+02   1.9704321e-02
   4.1100000e+02  -2.2022081e-03
   4.1200000e+02  -1.9709360e-02
   4.1300000e+02  -1.6413394e-02
   4.1400000e+02  -9.7114061e-03
   4.1500000e+02  -4.1226459e-02
   4.1600000e+02  -6.1023145e-02
   4.1700000e+02   1.3156772e-02
   4.1800000e+02   4.3331780e-02
   4.1900000e+02   3.5434021e-02
   4.2000000e+02   1.8757808e-02
   4.2100000e+02   1.5839210e-02
   4.2200000e+02  -7.0092177e-03
   4.2300000e+02   2.7184763e-03
   4.2400000e+02   2.6929058e-02
   4.2500000e+02   6.9401530e-02
   4.2600000e+02   1.1089095e-01
   4.2700000e+02   9.4940147e-02
   4.2800000e+02   6.4708498e-02
   4.2900000e+02   1.1756796e-01
   4.3000000e+02   1.6073768e-01
   4.3100000e+02   1.6962456e-01
   4.3200000e+02   1.4342427e-01
   4.3300000e+02   1.0080903e-01
   4.3400000e+02   1.1443008e-01
   4.3500000e+02   1.8546842e-01
   4.3600000e+02   2.2973564e-01
   4.3700000e+02   2.2303654e-01
   4.3800000e+02   1.9670450e-01
   4.3900000e+02   1.8781046e-01
   4.4000000e+02   1.9354622e-01
   4.4100000e+02   1.8757715e-01
   4.4200000e+02   1.3641015e-01
   4.4300000e+02   8.5793558e-02
   4.4400000e+02   1.0114665e-01
   4.4500000e+02   5.3277265e-02
   4.4600000e+02   2.0610779e-02
   4.4700000e+02   1.8496805e-04
   4.4800000e+02   6.0288656e-03
   4.4900000e+02   1.2504107e-02
   4.5000000e+02   3.2474036e-02
   4.5100000e+02   1.3119385e-02
   4.5200000e+02  -5.9922304e-03
   4.5300000e+02   6.8548702e-03
   4.5400000e+02   2.3786688e-02
   4.5500000e+02   3.7689625e-02
   4.5600000e+02   2.2600316e-02
   4.5700000e+02   6.0705840e-02
   4.5800000e+02   3.4872312e-02
   4.5900000e+02  -1.7580324e-02
   4.6000000e+02  -3.6524324e-02
   4.6100000e+02   3.0437559e-02
   4.6200000e+02   5.5817140e-02
   4.6300000e+02   5.2762499e-02
   4.6400000e+02   5.7053460e-03
   4.6500000e+02   5.5161185e-03
   4.6600000e+02   2.0339963e-02
   4.6700000e+02   6.1121092e-03
   4.6800000e+02   2.9989611e-02
   4.6900000e+02   1.3987800e-02
   4.7000000e+02   2.7195649e-02
   4.7100000e+02   7.2919079e-02
   4.7200000e+02   6.9966221e-02
   4.7300000e+02   3.5308581e-02
   4.7400000e+02   5.4132176e-02
   4.7500000e+02   2.6974107e-02
   4.7600000e+02  -2.4562364e-02
   4.7700000e+02  -4.3801097e-02
   4.7800000e+02  -4.4709100e-02
   4.7900000e+02  -2.8614551e-02
   4.8000000e+02  -3.9010787e-02
   4.8100000e+02  -4.0534843e-02
   4.8200000e+02  -1.9909577e-02
   4.8300000e+02  -3.4684204e-02
   4.8400000e+02  -1.0491201e-02
   4.8500000e+02   8.3487049e-03
   4.8600000e+02  -6.6945968e-03
   4.8700000e+02  -1.6105037e-02
   4.8800000e+02  -2.3059849e-02
   4.8900000e+02  -2.8321342e-02
   4.9000000e+02   4.6176717e-03
   4.9100000e+02  -1.3881557e-02
   4.9200000e+02  -2.0808218e-02
   4.9300000e+02  -1.5233186e-02
   4.9400000e+02  -3.2214886e-02
   4.9500000e+02  -4.2212820e-02
   4.9600000e+02   1.5397292e-02
   4.9700000e+02   1.8427140e-02
   4.9800000e+02   4.2105756e-04
   4.9900000e+02  -7.2539892e-04
   5.0000000e+02   2.6530276e-02
   5.0100000e+02   2.5958790e-02
   5.0200000e+02   9.4231438e-03
   5.0300000e+02   5.9210209e-03
   5.0400000e+02   3.0373995e-02
   5.0500000e+02   3.6765958e-02
   5.0600000e+02  -8.4973283e-03
   5.0700000e+02  -3.1695792e-02
   5.0800000e+02   5.9016447e-03
   5.0900000e+02  -1.4099030e-02
   5.1000000e+02  -3.3748353e-02
   5.1100000e+02  -6.8648474e-02
   5.1200000e+02  -9.0262584e-02
   5.1300000e+02  -6.2010463e-02
   5.1400000e+02  -5.1102946e-02
   5.1500000e+02  -1.4385484e-02
   5.1600000e+02   4.9193602e-03
   5.1700000e+02   3.0638793e-02
   5.1800000e+02   1.7618865e-02
   5.1900000e+02  -4.1392371e-02
   5.2000000e+02  -5.0932464e-02
   5.2100000e+02  -8.3550785e-02
   5.2200000e+02  -7.1925351e-02
   5.2300000e+02  -8.3780816e-02
   5.2400000e+02  -9.2165331e-02
   5.2500000e+02  -1.3715775e-01
   5.2600000e+02  -1.7887142e-01
   5.2700000e+02  -1.6091707e-01
   5.2800000e+02  -1.1223190e-01
   5.2900000e+02  -9.9524145e-02
   5.3000000e+02  -1.6287632e-01
   5.3100000e+02  -1.7631432e-01
   5.3200000e+02  -1.4868552e-01
   5.3300000e+02  -1.2673753e-01
   5.3400000e+02  -1.6678775e-01
   5.3500000e+02  -2.4540838e-01
   5.3600000e+02  -3.0606068e-01
   5.3700000e+02  -2.8863753e-01
   5.3800000e+02  -2.2033649e-01
   5.3900000e+02  -1.4687288e-01
   5.4000000e+02  -1.2251823e-01
   5.4100000e+02  -1.2013386e-01
   5.4200000e+02  -1.0870072e-01
   5.4300000e+02  -1.1922827e-01
   5.4400000e+02  -1.2945079e-01
   5.4500000e+02  -1.0467684e-01
   5.4600000e+02  -6.8717280e-02
   5.4700000e+02  -6.8829724e-02
   5.4800000e+02  -1.0503952e-01
   5.4900000e+02  -1.3122129e-01
   5.5000000e+02  -7.2292168e-02
   5.5100000e+02   1.5546966e-02
   5.5200000e+02   4.8277449e-02
   5.5300000e+02   4.2665354e-02
   5.5400000e+02   4.6129290e-02
   5.5500000e+02   5.4706470e-02
   5.5600000e+02   4.8786908e-02
   5.5700000e+02   3.6110415e-02
   5.5800000e+02   3.6994352e-02
   5.5900000e+02   6.3622888e-02
   5.6000000e+02   5.5059483e-02
   5.6100000e+02   1.9081904e-02
   5.6200000e+02  -2.1640765e-02
   5.6300000e+02  -5.4967766e-02
   5.6400000e+02  -5.8018563e-02
   5.6500000e+02  -3.4645964e-02
   5.6600000e+02  -4.4908702e-02
   5.6700000e+02  -2.3904025e-02
   5.6800000e+02  -7.4521428e-03
   5.6900000e+02   6.7444275e-04
   5.7000000e+02   2.7666709e-03
   5.7100000e+02   1.3298100e-02
   5.7200000e+02   3.9518512e-02
   5.7300000e+02   2.1155096e-02
   5.7400000e+02   8.9173094e-03
   5.7500000e+02   4.2908299e-03
   5.7600000e+02  -2.4636274e-02
   5.7700000e+02  -4.3245932e-02
   5.7800000e+02  -4.8068961e-02
   5.7900000e+02  -6.6030190e-02
   5.8000000e+02  -3.8870573e-02
   5.8100000e+02  -1.6548162e-02
   5.8200000e+02  -2.7264453e-02
   5.8300000e+02  -3.7723258e-02
   5.8400000e+02  -2.6136566e-02
   5.8500000e+02  -1.2801688e-02
   5.8600000e+02  -5.1206943e-02
   5.8700000e+02  -8.8082071e-02
   5.8800000e+02  -4.5463479e-02
   5.8900000e+02   9.2494360e-03
   5.9000000e+02   2.6274760e-02
   5.9100000e+02  -6.3188646e-03
   5.9200000e+02  -1.7925238e-02
   5.9300000e+02   1.8578824e-04
   5.9400000e+02   2.3259801e-02
   5.9500000e+02  -2.6923289e-02
   5.9600000e+02  -5.0647170e-02
   5.9700000e+02  -1.9135414e-02
   5.9800000e+02  -1.8411142e-03
   5.9900000e+02   3.2457898e-03
   6.0000000e+02   9.4745336e-03
   6.0100000e+02  -2.1026237e-02
   6.0200000e+02  -8.2618439e-02
   6.0300000e+02  -1.1148032e-01
   6.0400000e+02  -9.4718159e-02
   6.0500000e+02  -1.3678051e-01
   6.0600000e+02  -1.9228126e-01
   6.0700000e+02  -1.9483776e-01
   6.0800000e+02  -2.0532360e-01
   6.0900000e+02  -2.1533662e-01
   6.1000000e+02  -2.3537684e-01
   6.1100000e+02  -2.6892971e-01
   6.1200000e+02  -3.2270729e-01
   6.1300000e+02  -3.4687575e-01
   6.1400000e+02  -3.3196539e-01
   6.1500000e+02  -3.3804219e-01
   6.1600000e+02  -3.0190416e-01
   6.1700000e+02  -2.7021228e-01
   6.1800000e+02  -1.9034649e-01
   6.1900000e+02  -1.2409303e-01
   6.2000000e+02  -8.9197047e-02
   6.2100000e+02  -4.9772788e-02
   6.2200000e+02  -4.0657756e-02
   6.2300000e+02   1.1053570e-02
   6.2400000e+02   6.6339790e-02
   6.2500000e+02   1.3713719e-01
   6.2600000e+02   2.2585787e-01
   6.2700000e+02   2.3983514e-01
   6.2800000e+02   2.2867385e-01
   6.2900000e+02   2.8576657e-01
   6.3000000e+02   3.1523043e-01
   6.3100000e+02   2.9818164e-01
   6.3200000e+02   1.8266283e-01
   6.3300000e+02   2.3445262e-02
   6.3400000e+02  -7.9502939e-02
   6.3500000e+02  -1.6371963e-01
   6.3600000e+02  -2.7814455e-01
   6.3700000e+02  -4.3047261e-01
   6.3800000e+02  -5.5701336e-01
   6.3900000e+02  -6.3327537e-01
   6.4000000e+02  -6.6542480e-01
   6.4100000e+02  -6.2728250e-01
   6.4200000e+02  -6.5488077e-01
   6.4300000e+02  -6.5879113e-01
   6.4400000e+02  -5.6632070e-01
   6.4500000e+02  -4.4010751e-01
   6.4600000e+02  -3.6035079e-01
   6.4700000e+02  -2.7515232e-01
   6.4800000e+02  -2.3117169e-01
   6.4900000e+02  -1.3861287e-01
   6.5000000e+02  -4.9120009e-02
   6.5100000e+02  -8.6146391e-03
   6.5200000e+02  -3.0241743e-02
   6.5300000e+02  -9.2518829e-02
   6.5400000e+02  -1.1161585e-01
   6.5500000e+02  -9.4851479e-02
   6.5600000e+02  -1.2696853e-01
   6.5700000e+02  -1.3623855e-01
   6.5800000e+02  -1.8713353e-01
   6.5900000e+02  -1.9650270e-01
   6.6000000e+02  -1.5446381e-01
   6.6100000e+02  -1.6863235e-01
   6.6200000e+02  -2.0319823e-01
   6.6300000e+02  -2.0334257e-01
   6.6400000e+02  -2.0278078e-01
   6.6500000e+02  -1.7179088e-01
   6.6600000e+02  -1.6222354e-01
   6.6700000e+02  -1.6658104e-01
   6.6800000e+02  -1.6131078e-01
   6.6900000e+02  -1.3857062e-01
   6.7000000e+02  -1.1270511e-01
   6.7100000e+02  -1.2373750e-01
   6.7200000e+02  -1.2571497e-01
   6.7300000e+02  -1.0490708e-01
   6.7400000e+02  -9.6350193e-02
   6.7500000e+02  -8.0990498e-02
   6.7600000e+02  -8.2889267e-02
   6.7700000e+02  -8.3100898e-02
   6.7800000e+02  -1.0393481e-01
   6.7900000e+02  -5.1410344e-02
   6.8000000e+02  -5.5345189e-02
   6.8100000e+02  -1.0261370e-01
   6.8200000e+02  -6.3724621e-02
   6.8300000e+02  -3.1685517e-02
   6.8400000e+02  -2.0189980e-02
   6.8500000e+02  -5.8890377e-02
   6.8600000e+02  -6.8789356e-02
   6.8700000e+02  -4.9151830e-02
   6.8800000e+02  -5.1831384e-02
   6.8900000e+02  -4.1758245e-02
   6.9000000e+02  -3.0118412e-02
   6.9100000e+02   7.1258944e-03
   6.9200000e+02   3.6559830e-02
   6.9300000e+02   2.8731002e-02
   6.9400000e+02   3.6623933e-02
   6.9500000e+02   4.6053070e-02
   6.9600000e+02   8.3245939e-02
   6.9700000e+02   1.0499312e-01
   6.9800000e+02   9.1805738e-02
   6.9900000e+02   1.1951253e-01
   7.0000000e+02   1.9251462e-01
   7.0100000e+02   2.1099499e-01
   7.0200000e+02   2.0801126e-01
   7.0300000e+02   2.5879093e-01
   7.0400000e+02   3.4703514e-01
   7.0500000e+02   3.8975464e-01
   7.0600000e+02   3.7387968e-01
   7.0700000e+02   3.8907352e-01
   7.0800000e+02   4.5240554e-01
   7.0900000e+02   4.7967095e-01
   7.1000000e+02   4.8046845e-01
   7.1100000e+02   4.8405708e-01
   7.1200000e+02   4.7773479e-01
   7.1300000e+02   4.8217075e-01
   7.1400000e+02   4.3360149e-01
   7.1500000e+02   3.6275675e-01
   7.1600000e+02   3.2783916e-01
   7.1700000e+02   2.6973276e-01
   7.1800000e+02   2.4698320e-01
   7.1900000e+02   1.8396984e-01
   7.2000000e+02   1.3280321e-01
   7.2100000e+02   8.7488120e-02
   7.2200000e+02   8.8129608e-02
   7.2300000e+02   1.2117309e-01
   7.2400000e+02   1.1042234e-01
   7.2500000e+02   8.3024474e-02
   7.2600000e+02   6.3339770e-02
   7.2700000e+02   9.8567081e-02
   7.2800000e+02   1.3853859e-01
   7.2900000e+02   1.4490046e-01
   7.3000000e+02   1.7996655e-01
   7.3100000e+02   1.7842519e-01
   7.3200000e+02   1.7171181e-01
   7.3300000e+02   1.6774251e-01
   7.3400000e+02   1.1961868e-01
   7.3500000e+02   6.6570728e-02
   7.3600000e+02   2.4924988e-02
   7.3700000e+02  -1.5263180e-02
   7.3800000e+02  -2.3782235e-02
   7.3900000e+02   1.0391121e-02
   7.4000000e+02   2.3574092e-02
   7.4100000e+02  -7.4956906e-03
   7.4200000e+02  -2.3490225e-02
   7.4300000e+02  -1.6961792e-02
   7.4400000e+02  -1.0946120e-02
   7.4500000e+02  -1.1453027e-02
   7.4600000e+02   9.3808354e-03
   7.4700000e+02  -7.0578767e-03
   7.4800000e+02   3.1700513e-03
   7.4900000e+02   1.9856839e-04
   7.5000000e+02   6.4025894e-03
   7.5100000e+02   2.5565855e-02
   7.5200000e+02   1.6838207e-02
   7.5300000e+02   4.3196268e-02
   7.5400000e+02   9.1200417e-02
   7.5500000e+02   8.7453994e-02
   7.5600000e+02   7.4616200e-02
   7.5700000e+02   7.4189512e-02
   7.5800000e+02   6.2490127e-02
   7.5900000e+02   9.1598560e-02
   7.6000000e+02   1.2916951e-01
   7.6100000e+02   1.3826468e-01
   7.6200000e+02   1.3198824e-01
   7.6300000e+02   1.5690236e-01
   7.6400000e+02   1.8198205e-01
   7.6500000e+02   1.4408642e-01
   7.6600000e+02   9.1859996e-02
   7.6700000e+02   5.9875341e-02
   7.6800000e+02   5.0452064e-02
   7.6900000e+02   2.2798218e-02
   7.7000000e+02  -2.1245361e-02
   7.7100000e+02  -1.1104614e-01
   7.7200000e+02  -2.4574381e-01
   7.7300000e+02  -3.4893524e-01
   7.7400000e+02  -4.0202197e-01
   7.7500000e+02  -4.7231378e-01
   7.7600000e+02  -5.0543978e-01
   7.7700000e+02  -4.6179375e-01
   7.7800000e+02  -3.6390783e-01
   7.7900000e+02  -2.2913166e-01
   7.8000000e+02  -9.0267503e-02
   7.8100000e+02   3.5766753e-02
   7.8200000e+02   1.5447082e-01
   7.8300000e+02   2.9366993e-01
   7.8400000e+02   3.9337060e-01
   7.8500000e+02   4.5997236e-01
   7.8600000e+02   4.7662812e-01
   7.8700000e+02   5.0069414e-01
   7.8800000e+02   4.7364945e-01
   7.8900000e+02   4.3723692e-01
   7.9000000e+02   3.2165317e-01
   7.9100000e+02   1.8634361e-01
   7.9200000e+02   5.8873438e-02
   7.9300000e+02  -4.8896997e-02
   7.9400000e+02  -1.3168373e-01
   7.9500000e+02  -2.0818689e-01
   7.9600000e+02  -2.4906209e-01
   7.9700000e+02  -2.8278386e-01
   7.9800000e+02  -2.6131249e-01
   7.9900000e+02  -2.1584074e-01
   8.0000000e+02  -2.1307048e-01
   8.0100000e+02  -2.4200812e-01
   8.0200000e+02  -3.0691277e-01
   8.0300000e+02  -2.9041020e-01
   8.0400000e+02  -2.3229020e-01
   8.0500000e+02  -2.3138324e-01
   8.0600000e+02  -2.4765447e-01
   8.0700000e+02  -1.6964578e-01
   8.0800000e+02  -1.2120854e-01
   8.0900000e+02  -1.0439400e-01
   8.1000000e+02  -1.2347125e-01
   8.1100000e+02  -1.3158134e-01
   8.1200000e+02  -1.4682849e-01
   8.1300000e+02  -1.2189138e-01
   8.1400000e+02  -7.6057124e-02
   8.1500000e+02  -3.1023029e-02
   8.1600000e+02  -2.8067900e-02
   8.1700000e+02   1.3196090e-02
   8.1800000e+02   3.6204005e-02
   8.1900000e+02   3.0114302e-02
   8.2000000e+02   3.9683143e-02
   8.2100000e+02   2.5304362e-02
   8.2200000e+02   3.0150684e-02
   8.2300000e+02   3.4134868e-02
   8.2400000e+02   5.7676190e-02
   8.2500000e+02   5.3177772e-02
   8.2600000e+02   4.1012281e-02
   8.2700000e+02   3.4029230e-02
   8.2800000e+02   2.8963425e-03
   8.2900000e+02  -2.3455566e-02
   8.3000000e+02  -4.6267391e-02
   8.3100000e+02  -4.5706848e-02
   8.3200000e+02  -3.9336160e-02
   8.3300000e+02  -6.4052648e-02
   8.3400000e+02  -7.1704894e-02
   8.3500000e+02  -9.8075118e-02
   8.3600000e+02  -9.7927913e-02
   8.3700000e+02  -7.8922623e-02
   8.3800000e+02  -5.6964345e-02
   8.3900000e+02  -6.9053571e-02
   8.4000000e+02  -7.8414815e-02
   8.4100000e+02  -8.1211773e-02
   8.4200000e+02  -5.2374129e-02
   8.4300000e+02  -2.1463042e-02
   8.4400000e+02  -4.4668647e-02
   8.4500000e+02  -5.8997345e-02
   8.4600000e+02  -6.0625986e-02
   8.4700000e+02  -4.3520783e-02
   8.4800000e+02  -1.2010836e-02
   8.4900000e+02  -4.2231578e-04
   8.5000000e+02   1.8510470e-02
   8.5100000e+02  -6.0816014e-04
   8.5200000e+02  -5.1071987e-02
   8.5300000e+02  -8.6830515e-02
   8.5400000e+02  -7.6061367e-02
   8.5500000e+02  -1.5283777e-02
   8.5600000e+02   1.0300476e-02
   8.5700000e+02   3.0039688e-02
   8.5800000e+02   2.3676737e-02
   8.5900000e+02   2.4809155e-03
   8.6000000e+02  -1.3227940e-02
   8.6100000e+02  -3.1721707e-02
   8.6200000e+02  -5.4424022e-02
   8.6300000e+02  -5.8565030e-02
   8.6400000e+02  -3.7054219e-02
   8.6500000e+02  -3.0043516e-02
   8.6600000e+02  -3.2591354e-02
   8.6700000e+02  -2.8257101e-02
   8.6800000e+02  -4.6480403e-02
   8.6900000e+02  -4.0311616e-02
   8.7000000e+02  -8.5219959e-02
   8.7100000e+02  -9.2498544e-02
   8.7200000e+02  -7.6327155e-02
   8.7300000e+02  -8.8781600e-02
   8.7400000e+02  -1.1584665e-01
   8.7500000e+02  -1.0265881e-01
   8.7600000e+02  -5.3919792e-02
   8.7700000e+02  -5.8513836e-02
   8.7800000e+02  -7.2017217e-02
   8.7900000e+02  -8.3362498e-02
   8.8000000e+02  -1.2934018e-01
   8.8100000e+02  -1.4067767e-01
   8.8200000e+02  -1.1081141e-01
   8.8300000e+02  -9.8912416e-02
   8.8400000e+02  -9.4736462e-02
   8.8500000e+02  -1.1693373e-01
   8.8600000e+02  -9.9364428e-02
   8.8700000e+02  -1.1064375e-01
   8.8800000e+02  -1.3137711e-01
   8.8900000e+02  -1.5452482e-01
   8.9000000e+02  -1.9200463e-01
   8.9100000e+02  -1.7586675e-01
   8.9200000e+02  -1.4091117e-01
   8.9300000e+02  -1.9171326e-01
   8.9400000e+02  -2.2864369e-01
   8.9500000e+02  -2.2630422e-01
   8.9600000e+02  -1.8726787e-01
   8.9700000e+02  -1.8061365e-01
   8.9800000e+02  -2.2599100e-01
   8.9900000e+02  -2.4821009e-01
   9.0000000e+02  -2.2526615e-01
   9.0100000e+02  -2.2285338e-01
   9.0200000e+02  -2.2999291e-01
   9.0300000e+02  -2.6529836e-01
   9.0400000e+02  -2.7688199e-01
   9.0500000e+02  -2.8346943e-01
   9.0600000e+02  -2.6841891e-01
   9.0700000e+02  -2.7587495e-01
   9.0800000e+02  -2.7413495e-01
   9.0900000e+02  -2.7875429e-01
   9.1000000e+02  -2.9229120e-01
   9.1100000e+02  -3.0745616e-01
   9.1200000e+02  -2.9699475e-01
   9.1300000e+02  -2.8778482e-01
   9.1400000e+02  -2.8848702e-01
   9.1500000e+02  -2.8403144e-01
   9.1600000e+02  -2.6418063e-01
   9.1700000e+02  -2.2336587e-01
   9.1800000e+02  -1.6341838e-01
   9.1900000e+02  -1.1131439e-01
   9.2000000e+02  -8.7081111e-02
   9.2100000e+02  -7.2963878e-02
   9.2200000e+02  -4.2277302e-02
   9.2300000e+02  -2.5203783e-02
   9.2400000e+02   1.3320369e-02
   9.2500000e+02   4.2050469e-02
   9.2600000e+02   3.6331799e-02
   9.2700000e+02   2.3107607e-02
   9.2800000e+02   6.3617350e-03
   9.2900000e+02   1.9642163e-02
   9.3000000e+02   4.4280273e-02
   9.3100000e+02   5.8950266e-02
   9.3200000e+02   3.2252747e-02
   9.3300000e+02   2.8224290e-02
   9.3400000e+02   4.6770050e-02
   9.3500000e+02   5.2765446e-02
   9.3600000e+02   4.9804208e-02
   9.3700000e+02   5.3278644e-02
   9.3800000e+02   3.6799525e-02
   9.3900000e+02   5.0332237e-02
   9.4000000e+02   5.8140460e-02
   9.4100000e+02   5.9942872e-02
   9.4200000e+02   4.2170339e-02
   9.4300000e+02   3.3780103e-02
   9.4400000e+02   2.2422582e-02
   9.4500000e+02   2.3875603e-02
   9.4600000e+02   1.6421538e-03
   9.4700000e+02  -1.0455088e-02
   9.4800000e+02  -1.0887303e-02
   9.4900000e+02  -3.0529307e-02
   9.5000000e+02  -2.7815249e-02
   9.5100000e+02  -2.6846105e-02
   9.5200000e+02  -1.2556853e-02
   9.5300000e+02   1.5180335e-02
   9.5400000e+02  -1.2291187e-04
   9.5500000e+02  -4.0156551e-02
   9.5600000e+02  -6.3346702e-02
   9.5700000e+02  -6.4313212e-02
   9.5800000e+02  -6.6714822e-02
   9.5900000e+02  -5.8414646e-02
   9.6000000e+02  -1.6937297e-02
   9.6100000e+02  -1.5119214e-02
   9.6200000e+02  -2.4182067e-02
   9.6300000e+02  -5.0193846e-02
   9.6400000e+02  -7.1977806e-02
   9.6500000e+02  -4.9976939e-02
   9.6600000e+02  -2.2952834e-02
   9.6700000e+02   6.1312447e-03
   9.6800000e+02   1.6035350e-02
   9.6900000e+02   1.8407154e-02
   9.7000000e+02   1.2317438e-02
   9.7100000e+02  -2.5938787e-03
   9.7200000e+02  -5.7894849e-03
   9.7300000e+02  -1.8465253e-02
   9.7400000e+02  -2.4642494e-03
   9.7500000e+02  -7.8204856e-04
   9.7600000e+02  -2.7779158e-02
   9.7700000e+02  -4.2394682e-02
   9.7800000e+02  -4.5652048e-02
   9.7900000e+02  -3.6690787e-02
   9.8000000e+02  -5.2515183e-02
   9.8100000e+02  -6.8356523e-02
   9.8200000e+02  -1.1202453e-01
   9.8300000e+02  -9.9734552e-02
   9.8400000e+02  -1.0768562e-01
   9.8500000e+02  -1.6596950e-01
   9.8600000e+02  -2.0439210e-01
   9.8700000e+02  -1.8609191e-01
   9.8800000e+02  -1.8413758e-01
   9.8900000e+02  -2.3395169e-01
   9.9000000e+02  -3.1924923e-01
   9.9100000e+02  -3.5970976e-01
   9.9200000e+02  -3.5720291e-01
   9.9300000e+02  -3.5465330e-01
   9.9400000e+02  -3.7849101e-01
   9.9500000e+02  -3.6597747e-01
   9.9600000e+02  -3.4048109e-01
   9.9700000e+02  -2.7135430e-01
   9.9800000e+02  -2.2037142e-01
   9.9900000e+02  -1.5469657e-01
   1.0000000e+03  -1.0187956e-01
   1.0010000e+03  -5.7302293e-02
   1.0020000e+03   3.7434632e-02
   1.0030000e+03   1.5765721e-01
   1.0040000e+03   2.2828333e-01
   1.0050000e+03   2.8073472e-01
   1.0060000e+03   3.6139153e-01
   1.0070000e+03   4.4891121e-01
   1.0080000e+03   5.1770150e-01
   1.0090000e+03   5.4415400e-01
   1.0100000e+03   5.5068487e-01
   1.0110000e+03   5.8658419e-01
   1.0120000e+03   5.8715917e-01
   1.0130000e+03   5.7671505e-01
   1.0140000e+03   6.2297085e-01
   1.0150000e+03   6.1929422e-01
   1.0160000e+03   5.9521164e-01
   1.0170000e+03   5.8698483e-01
   1.0180000e+03   5.8241295e-01
   1.0190000e+03   5.5426136e-01
   1.0200000e+03   5.2974666e-01
   1.0210000e+03   4.7479091e-01
   1.0220000e+03   4.0590006e-01
   1.0230000e+03   3.5869451e-01
   1.0240000e+03   3.3794504e-01
   1.0250000e+03   3.2021019e-01
   1.0260000e+03   2.7446270e-01
   1.0270000e+03   2.1536722e-01
   1.0280000e+03   1.7910649e-01
   1.0290000e+03   1.4227934e-01
   1.0300000e+03   7.5357490e-02
   1.0310000e+03   4.5895155e-02
   1.0320000e+03   2.9826920e-02
   1.0330000e+03   2.9066217e-02
   1.0340000e+03   2.1621617e-03
   1.0350000e+03  -2.8730857e-02
   1.0360000e+03  -3.6441906e-02
   1.0370000e+03   5.9340833e-03
   1.0380000e+03   1.3491797e-03
   1.0390000e+03  -1.9533881e-02
   1.0400000e+03  -5.1385861e-02
   1.0410000e+03  -5.0244437e-02
   1.0420000e+03  -2.3692902e-02
   1.0430000e+03   1.2550203e-02
   1.0440000e+03  -7.5280431e-04
   1.0450000e+03  -5.8889115e-03
   1.0460000e+03  -2.9341009e-03
   1.0470000e+03  -3.0994637e-02
   1.0480000e+03  -4.1228553e-02
   1.0490000e+03  -6.0741701e-02
   1.0500000e+03  -5.9871260e-02
   1.0510000e+03  -5.7253948e-02
   1.0520000e+03  -4.8833016e-02
   1.0530000e+03  -2.5681403e-02
   1.0540000e+03  -1.7121347e-02
   1.0550000e+03  -2.5902094e-03
   1.0560000e+03   6.6314207e-03
   1.0570000e+03   4.0103394e-05
   1.0580000e+03   1.2323436e-02
   1.0590000e+03   3.7842769e-02
   1.0600000e+03   3.9723363e-02
   1.0610000e+03   5.8393049e-02
   1.0620000e+03   9.5307720e-02
   1.0630000e+03   7.1525711e-02
   1.0640000e+03   4.6310137e-02
   1.0650000e+03   4.7574753e-02
   1.0660000e+03   4.5866905e-02
   1.0670000e+03   4.6434098e-02
   1.0680000e+03   6.1413255e-02
   1.0690000e+03   1.3417990e-01
   1.0700000e+03   1.4064969e-01
   1.0710000e+03   1.2107316e-01
   1.0720000e+03   1.0409629e-01
   1.0730000e+03   1.1321687e-01
   1.0740000e+03   1.1532063e-01
   1.0750000e+03   1.0007890e-01
   1.0760000e+03   1.0204257e-01
   1.0770000e+03   7.6398285e-02
   1.0780000e+03   8.2685486e-02
   1.0790000e+03   1.2711293e-01
   1.0800000e+03   1.4311946e-01
   1.0810000e+03   1.3577263e-01
   1.0820000e+03   1.2337762e-01
   1.0830000e+03   1.4266109e-01
   1.0840000e+03   1.4455747e-01
   1.0850000e+03   1.0825108e-01
   1.0860000e+03   9.0064027e-02
   1.0870000e+03   1.0211821e-01
   1.0880000e+03   7.6125246e-02
   1.0890000e+03   4.1412471e-02
   1.0900000e+03   7.8645033e-02
   1.0910000e+03   1.0685474e-01
   1.0920000e+03   7.6268520e-02
   1.0930000e+03   5.3967496e-02
   1.0940000e+03   5.2167241e-02
   1.0950000e+03   6.3520544e-02
   1.0960000e+03   7.1397401e-02
   1.0970000e+03   6.8670535e-02
   1.0980000e+03   7.5314426e-02
   1.0990000e+03   6.3583153e-02
   1.1000000e+03   3.2998257e-02
   1.1010000e+03   3.7164016e-02
   1.1020000e+03   3.5081118e-02
   1.1030000e+03   3.9479364e-02
   1.1040000e+03   4.1655072e-02
   1.1050000e+03   1.8332510e-02
   1.1060000e+03   1.4971850e-02
   1.1070000e+03  -2.9743972e-02
   1.1080000e+03  -2.9656864e-02
   1.1090000e+03  -1.3524102e-02
   1.1100000e+03  -1.4022509e-02
   1.1110000e+03  -1.6025346e-02
   1.1120000e+03   9.6319032e-04
   1.1130000e+03  -2.6609068e-02
   1.1140000e+03  -7.5941472e-03
   1.1150000e+03   4.4635845e-02
   1.1160000e+03   5.6516387e-02
   1.1170000e+03   6.5307384e-02
   1.1180000e+03   4.8661780e-02
   1.1190000e+03   2.4974943e-02
   1.1200000e+03   2.4889199e-02
   1.1210000e+03   4.9428367e-02
   1.1220000e+03   6.9908927e-02
   1.1230000e+03   4.3116980e-02
   1.1240000e+03  -4.3256724e-03
   1.1250000e+03  -2.8242926e-02
   1.1260000e+03  -1.1542941e-02
   1.1270000e+03  -1.3880342e-02
   1.1280000e+03  -2.8914595e-02
   1.1290000e+03  -5.7404182e-02
   1.1300000e+03  -7.0695577e-02
   1.1310000e+03  -8.8608899e-02
   1.1320000e+03  -1.1950099e-01
   1.1330000e+03  -1.1261417e-01
   1.1340000e+03  -1.3218789e-01
   1.1350000e+03  -1.3909697e-01
   1.1360000e+03  -1.3130275e-01
   1.1370000e+03  -1.4469268e-01
   1.1380000e+03  -1.4764679e-01
   1.1390000e+03  -1.5595002e-01
   1.1400000e+03  -1.6196715e-01
   1.1410000e+03  -1.7109218e-01
   1.1420000e+03  -1.8009932e-01
   1.1430000e+03  -1.4893034e-01
   1.1440000e+03  -1.2579349e-01
   1.1450000e+03  -1.1930255e-01
   1.1460000e+03  -1.1834643e-01
   1.1470000e+03  -1.1270222e-01
   1.1480000e+03  -6.6687222e-02
   1.1490000e+03  -8.4892871e-02
   1.1500000e+03  -8.7322891e-02
   1.1510000e+03  -4.3532096e-02
   1.1520000e+03  -1.9129564e-02
   1.1530000e+03  -4.3882083e-02
   1.1540000e+03  -4.7623771e-02
   1.1550000e+03  -3.4474015e-02
   1.1560000e+03  -2.3786477e-02
   1.1570000e+03  -1.7655873e-02
   1.1580000e+03  -2.2259242e-02
   1.1590000e+03  -2.8304546e-02
   1.1600000e+03  -1.4108203e-02
   1.1610000e+03  -2.3102749e-02
   1.1620000e+03  -7.7335516e-02
   1.1630000e+03  -1.0391465e-01
   1.1640000e+03  -1.2205412e-01
   1.1650000e+03  -1.4723110e-01
   1.1660000e+03  -1.4472970e-01
   1.1670000e+03  -1.2196260e-01
   1.1680000e+03  -1.0455066e-01
   1.1690000e+03  -1.3459930e-01
   1.1700000e+03  -1.4994833e-01
   1.1710000e+03  -1.5513088e-01
   1.1720000e+03  -1.4791532e-01
   1.1730000e+03  -1.4848433e-01
   1.1740000e+03  -1.3180289e-01
   1.1750000e+03  -1.2635771e-01
   1.1760000e+03  -1.2928464e-01
   1.1770000e+03  -1.0660881e-01
   1.1780000e+03  -5.9604322e-02
   1.1790000e+03  -5.4968280e-02
   1.1800000e+03  -8.6702736e-02
   1.1810000e+03  -7.8979957e-02
   1.1820000e+03  -5.4266320e-02
   1.1830000e+03  -6.1390841e-02
   1.1840000e+03  -1.0339408e-01
   1.1850000e+03  -1.6810494e-01
   1.1860000e+03  -2.0492704e-01
   1.1870000e+03  -1.9141975e-01
   1.1880000e+03  -1.8229445e-01
   1.1890000e+03  -2.0096600e-01
   1.1900000e+03  -2.2704815e-01
   1.1910000e+03  -2.4014005e-01
   1.1920000e+03  -2.5694286e-01
   1.1930000e+03  -3.0877631e-01
   1.1940000e+03  -3.8726432e-01
   1.1950000e+03  -4.1389245e-01
   1.1960000e+03  -4.3907520e-01
   1.1970000e+03  -4.6022170e-01
   1.1980000e+03  -4.7233975e-01
   1.1990000e+03  -5.4440271e-01
   1.2000000e+03  -5.6902950e-01
   1.2010000e+03  -5.8940717e-01
   1.2020000e+03  -6.3165499e-01
   1.2030000e+03  -6.5643505e-01
   1.2040000e+03  -6.7072497e-01
   1.2050000e+03  -7.2960354e-01
   1.2060000e+03  -8.3355365e-01
   1.2070000e+03  -8.7012960e-01
   1.2080000e+03  -8.6869268e-01
   1.2090000e+03  -9.1182660e-01
   1.2100000e+03  -9.8394734e-01
   1.2110000e+03  -1.0455762e+00
   1.2120000e+03  -1.1268743e+00
   1.2130000e+03  -1.2009751e+00
   1.2140000e+03  -1.2707502e+00
   1.2150000e+03  -1.3828193e+00
   1.2160000e+03  -1.4926852e+00
   1.2170000e+03  -1.6254477e+00
   1.2180000e+03  -1.8033074e+00
   1.2190000e+03  -1.9544638e+00
   1.2200000e+03  -2.0902163e+00
   1.2210000e+03  -2.2565446e+00
   1.2220000e+03  -2.3879266e+00
   1.2230000e+03  -2.5650725e+00
   1.2240000e+03  -2.7404311e+00
   1.2250000e+03  -2.8641872e+00
   1.2260000e+03  -2.9194031e+00
   1.2270000e+03  -2.9077654e+00
   1.2280000e+03  -2.8692187e+00
   1.2290000e+03  -2.7583194e+00
   1.2300000e+03  -2.5467164e+00
   1.2310000e+03  -2.2822305e+00
   1.2320000e+03  -2.0746146e+00
   1.2330000e+03  -1.9104816e+00
   1.2340000e+03  -1.7791769e+00
   1.2350000e+03  -1.6343367e+00
   1.2360000e+03  -1.5697761e+00
   1.2370000e+03  -1.5154319e+00
   1.2380000e+03  -1.5528914e+00
   1.2390000e+03  -1.6923340e+00
   1.2400000e+03  -1.8208244e+00
   1.2410000e+03  -1.9717245e+00
   1.2420000e+03  -2.1697511e+00
   1.2430000e+03  -2.3090096e+00
   1.2440000e+03  -2.4610428e+00
   1.2450000e+03  -2.6273248e+00
   1.2460000e+03  -2.7390028e+00
   1.2470000e+03  -2.7665211e+00
   1.2480000e+03  -2.7228169e+00
   1.2490000e+03  -2.6619372e+00
   1.2500000e+03  -2.5233421e+00
   1.2510000e+03  -2.3699177e+00
   1.2520000e+03  -2.1808868e+00
   1.2530000e+03  -2.0265629e+00
   1.2540000e+03  -1.8761870e+00
   1.2550000e+03  -1.6759706e+00
   1.2560000e+03  -1.4739747e+00
   1.2570000e+03  -1.2957695e+00
   1.2580000e+03  -1.1291151e+00
   1.2590000e+03  -9.6926064e-01
   1.2600000e+03  -8.2461431e-01
   1.2610000e+03  -7.6687457e-01
   1.2620000e+03  -7.4516673e-01
   1.2630000e+03  -6.3025293e-01
   1.2640000e+03  -5.2193250e-01
   1.2650000e+03  -4.6432027e-01
   1.2660000e+03  -4.1211578e-01
   1.2670000e+03  -3.4185014e-01
   1.2680000e+03  -2.9633861e-01
   1.2690000e+03  -2.2864360e-01
   1.2700000e+03  -1.9959887e-01
   1.2710000e+03  -1.6444068e-01
   1.2720000e+03  -1.1122359e-01
   1.2730000e+03  -5.7599794e-02
   1.2740000e+03  -3.3301719e-02
   1.2750000e+03   8.1536963e-03
   1.2760000e+03   4.5821904e-02
   1.2770000e+03   7.5064288e-02
   1.2780000e+03   7.0923793e-02
   1.2790000e+03   8.2392575e-02
   1.2800000e+03   8.4068439e-02
   1.2810000e+03   6.5582681e-02
   1.2820000e+03   2.0222336e-02
   1.2830000e+03  -8.8723982e-03
   1.2840000e+03  -1.8083508e-02
   1.2850000e+03  -5.3188701e-02
   1.2860000e+03  -9.5240661e-02
   1.2870000e+03  -9.4026833e-02
   1.2880000e+03  -1.1403838e-01
   1.2890000e+03  -2.0278129e-01
   1.2900000e+03  -2.7874874e-01
   1.2910000e+03  -3.2482530e-01
   1.2920000e+03  -3.9624770e-01
   1.2930000e+03  -4.7079219e-01
   1.2940000e+03  -5.4843664e-01
   1.2950000e+03  -6.3763319e-01
   1.2960000e+03  -7.8804818e-01
   1.2970000e+03  -9.2089010e-01
   1.2980000e+03  -1.0847893e+00
   1.2990000e+03  -1.2627008e+00
   1.3000000e+03  -1.4231037e+00
   1.3010000e+03  -1.6422570e+00
   1.3020000e+03  -1.8527322e+00
   1.3030000e+03  -2.0359240e+00
   1.3040000e+03  -2.1746424e+00
   1.3050000e+03  -2.2538218e+00
   1.3060000e+03  -2.3610035e+00
   1.3070000e+03  -2.4430938e+00
   1.3080000e+03  -2.4652151e+00
   1.3090000e+03  -2.4709232e+00
   1.3100000e+03  -2.4245486e+00
   1.3110000e+03  -2.4179846e+00
   1.3120000e+03  -2.3707896e+00
   1.3130000e+03  -2.2968672e+00
   1.3140000e+03  -2.2483559e+00
   1.3150000e+03  -2.1748271e+00
   1.3160000e+03  -2.0533658e+00
   1.3170000e+03  -2.0104206e+00
   1.3180000e+03  -1.9941509e+00
   1.3190000e+03  -1.9900799e+00
   1.3200000e+03  -1.9727227e+00
   1.3210000e+03  -1.9960581e+00
   1.3220000e+03  -2.0012660e+00
   1.3230000e+03  -2.0258490e+00
   1.3240000e+03  -2.1119155e+00
   1.3250000e+03  -2.2860805e+00
   1.3260000e+03  -2.4379420e+00
   1.3270000e+03  -2.6157684e+00
   1.3280000e+03  -2.8490917e+00
   1.3290000e+03  -3.0930405e+00
   1.3300000e+03  -3.3281671e+00
   1.3310000e+03  -3.5617771e+00
   1.3320000e+03  -3.7835240e+00
   1.3330000e+03  -3.9429850e+00
   1.3340000e+03  -3.9798972e+00
   1.3350000e+03  -3.9067201e+00
   1.3360000e+03  -3.7972909e+00
   1.3370000e+03  -3.5494719e+00
   1.3380000e+03  -3.2236512e+00
   1.3390000e+03  -2.9415498e+00
   1.3400000e+03  -2.5856230e+00
   1.3410000e+03  -2.2470634e+00
   1.3420000e+03  -1.9579940e+00
   1.3430000e+03  -1.7600440e+00
   1.3440000e+03  -1.6276841e+00
   1.3450000e+03  -1.4863926e+00
   1.3460000e+03  -1.4245996e+00
   1.3470000e+03  -1.4285254e+00
   1.3480000e+03  -1.4881926e+00
   1.3490000e+03  -1.5251468e+00
   1.3500000e+03  -1.5367526e+00
   1.3510000e+03  -1.4798503e+00
   1.3520000e+03  -1.4748161e+00
   1.3530000e+03  -1.4681503e+00
   1.3540000e+03  -1.3915096e+00
   1.3550000e+03  -1.3368105e+00
   1.3560000e+03  -1.2166937e+00
   1.3570000e+03  -1.0835226e+00
   1.3580000e+03  -9.8646444e-01
   1.3590000e+03  -8.7479956e-01
   1.3600000e+03  -7.4885873e-01
   1.3610000e+03  -6.3521058e-01
   1.3620000e+03  -5.6579686e-01
   1.3630000e+03  -5.2515466e-01
   1.3640000e+03  -4.8515090e-01
   1.3650000e+03  -4.0917686e-01
   1.3660000e+03  -3.1444031e-01
   1.3670000e+03  -2.6111541e-01
   1.3680000e+03  -2.3598693e-01
   1.3690000e+03  -1.5876990e-01
   1.3700000e+03  -9.9708716e-02
   1.3710000e+03  -1.1359305e-01
   1.3720000e+03  -9.4560331e-02
   1.3730000e+03  -8.0215454e-02
   1.3740000e+03  -1.2463315e-01
   1.3750000e+03  -2.1196107e-01
   1.3760000e+03  -2.9868212e-01
   1.3770000e+03  -3.7466324e-01
   1.3780000e+03  -4.1691331e-01
   1.3790000e+03  -5.5613469e-01
   1.3800000e+03  -6.9631602e-01
   1.3810000e+03  -8.1855301e-01
   1.3820000e+03  -9.9407563e-01
   1.3830000e+03  -1.1396430e+00
   1.3840000e+03  -1.2164191e+00
   1.3850000e+03  -1.3509863e+00
   1.3860000e+03  -1.4678876e+00
   1.3870000e+03  -1.5784512e+00
   1.3880000e+03  -1.6858561e+00
   1.3890000e+03  -1.7287700e+00
   1.3900000e+03  -1.7706898e+00
   1.3910000e+03  -1.7807839e+00
   1.3920000e+03  -1.7798589e+00
   1.3930000e+03  -1.7713896e+00
   1.3940000e+03  -1.7475353e+00
   1.3950000e+03  -1.7245442e+00
   1.3960000e+03  -1.6629199e+00
   1.3970000e+03  -1.6573385e+00
   1.3980000e+03  -1.6403194e+00
   1.3990000e+03  -1.5862087e+00
   1.4000000e+03  -1.4794218e+00
   1.4010000e+03  -1.3916551e+00
   1.4020000e+03  -1.3391971e+00
   1.4030000e+03  -1.2882879e+00
   1.4040000e+03  -1.2344087e+00
   1.4050000e+03  -1.2333528e+00
   1.4060000e+03  -1.2220382e+00
   1.4070000e+03  -1.1912842e+00
   1.4080000e+03  -1.1268843e+00
   1.4090000e+03  -1.0729882e+00
   1.4100000e+03  -1.0528875e+00
   1.4110000e+03  -1.0383796e+00
   1.4120000e+03  -9.8917616e-01
   1.4130000e+03  -8.8797346e-01
   1.4140000e+03  -7.9804738e-01
   1.4150000e+03  -7.2418534e-01
   1.4160000e+03  -6.5087722e-01
   1.4170000e+03  -5.0931512e-01
   1.4180000e+03  -3.9479715e-01
   1.4190000e+03  -3.0340866e-01
   1.4200000e+03  -2.2985229e-01
   1.4210000e+03  -2.4236976e-01
   1.4220000e+03  -2.7595041e-01
   1.4230000e+03  -3.2772468e-01
   1.4240000e+03  -3.6993969e-01
   1.4250000e+03  -4.6077340e-01
   1.4260000e+03  -5.5690041e-01
   1.4270000e+03  -6.0966075e-01
   1.4280000e+03  -7.1878332e-01
   1.4290000e+03  -7.8206660e-01
   1.4300000e+03  -8.1962730e-01
   1.4310000e+03  -8.1846714e-01
   1.4320000e+03  -8.0800356e-01
   1.4330000e+03  -8.1269261e-01
   1.4340000e+03  -7.7723606e-01
   1.4350000e+03  -7.0562134e-01
   1.4360000e+03  -5.8872022e-01
   1.4370000e+03  -4.9884660e-01
   1.4380000e+03  -3.9233215e-01
   1.4390000e+03  -2.8396921e-01
   1.4400000e+03  -1.5799796e-01
   1.4410000e+03  -7.8136616e-02
   1.4420000e+03   3.4519398e-02
   1.4430000e+03   1.3752022e-01
   1.4440000e+03   2.1428380e-01
   1.4450000e+03   2.6962480e-01
   1.4460000e+03   3.3046185e-01
   1.4470000e+03   4.0633144e-01
   1.4480000e+03   4.0267170e-01
   1.4490000e+03   4.1014502e-01
   1.4500000e+03   3.8448813e-01
   1.4510000e+03   3.7104880e-01
   1.4520000e+03   3.3962417e-01
   1.4530000e+03   2.9994798e-01
   1.4540000e+03   2.6974061e-01
   1.4550000e+03   1.8726250e-01
   1.4560000e+03   1.0700191e-01
   1.4570000e+03  -1.0968343e-02
   1.4580000e+03  -5.3860501e-02
   1.4590000e+03  -8.8730716e-02
   1.4600000e+03  -1.1264861e-01
   1.4610000e+03  -1.3341000e-01
   1.4620000e+03  -1.4551577e-01
   1.4630000e+03  -1.6611074e-01
   1.4640000e+03  -1.8555580e-01
   1.4650000e+03  -1.9175722e-01
   1.4660000e+03  -1.3162769e-01
   1.4670000e+03  -7.5781674e-02
   1.4680000e+03  -3.6614007e-02
   1.4690000e+03   2.9290790e-02
   1.4700000e+03   2.0218354e-02
   1.4710000e+03  -5.5720995e-04
   1.4720000e+03  -4.5982415e-02
   1.4730000e+03  -1.2826562e-01
   1.4740000e+03  -2.9263324e-01
   1.4750000e+03  -4.8487208e-01
   1.4760000e+03  -7.9343211e-01
   1.4770000e+03  -1.2208151e+00
   1.4780000e+03  -1.7368684e+00
   1.4790000e+03  -2.2330380e+00
   1.4800000e+03  -2.6443181e+00
   1.4810000e+03  -2.9620894e+00
   1.4820000e+03  -3.2169053e+00
   1.4830000e+03  -3.4287771e+00
   1.4840000e+03  -3.5657853e+00
   1.4850000e+03  -3.5838392e+00
   1.4860000e+03  -3.4648702e+00
   1.4870000e+03  -3.2942974e+00
   1.4880000e+03  -3.0357421e+00
   1.4890000e+03  -2.7335265e+00
   1.4900000e+03  -2.3426762e+00
   1.4910000e+03  -1.9836091e+00
   1.4920000e+03  -1.7593397e+00
   1.4930000e+03  -1.6004464e+00
   1.4940000e+03  -1.4923919e+00
   1.4950000e+03  -1.3870449e+00
   1.4960000e+03  -1.2926133e+00
   1.4970000e+03  -1.2688818e+00
   1.4980000e+03  -1.3503893e+00
   1.4990000e+03  -1.4818130e+00
   1.5000000e+03  -1.5716891e+00
   1.5010000e+03  -1.6689483e+00
   1.5020000e+03  -1.8076717e+00
   1.5030000e+03  -1.9289027e+00
   1.5040000e+03  -2.0043898e+00
   1.5050000e+03  -2.0513847e+00
   1.5060000e+03  -2.0730832e+00
   1.5070000e+03  -2.0944800e+00
   1.5080000e+03  -2.0912487e+00
   1.5090000e+03  -2.0377248e+00
   1.5100000e+03  -1.9359031e+00
   1.5110000e+03  -1.8127847e+00
   1.5120000e+03  -1.6801504e+00
   1.5130000e+03  -1.5477107e+00
   1.5140000e+03  -1.3936668e+00
   1.5150000e+03  -1.2154987e+00
   1.5160000e+03  -1.0889295e+00
   1.5170000e+03  -9.7368240e-01
   1.5180000e+03  -8.4258701e-01
   1.5190000e+03  -7.1329492e-01
   1.5200000e+03  -6.4486078e-01
   1.5210000e+03  -5.9196401e-01
   1.5220000e+03  -5.2581526e-01
   1.5230000e+03  -4.5270480e-01
   1.5240000e+03  -3.7172984e-01
   1.5250000e+03  -3.2008085e-01
   1.5260000e+03  -3.1021977e-01
   1.5270000e+03  -2.6902078e-01
   1.5280000e+03  -2.2987957e-01
   1.5290000e+03  -2.1629129e-01
   1.5300000e+03  -1.9469476e-01
   1.5310000e+03  -1.7003050e-01
   1.5320000e+03  -1.7816823e-01
   1.5330000e+03  -1.6703255e-01
   1.5340000e+03  -1.3390548e-01
   1.5350000e+03  -1.0038065e-01
   1.5360000e+03  -8.8556280e-02
   1.5370000e+03  -1.0898536e-01
   1.5380000e+03  -1.0730019e-01
   1.5390000e+03  -8.8881998e-02
   1.5400000e+03  -1.1637597e-01
   1.5410000e+03  -1.4705398e-01
   1.5420000e+03  -1.5484880e-01
   1.5430000e+03  -1.4259337e-01
   1.5440000e+03  -1.5836546e-01
   1.5450000e+03  -1.4968209e-01
   1.5460000e+03  -1.3165826e-01
   1.5470000e+03  -1.2801509e-01
   1.5480000e+03  -1.4343598e-01
   1.5490000e+03  -1.5439579e-01
   1.5500000e+03  -1.8570831e-01
   1.5510000e+03  -2.1585808e-01
   1.5520000e+03  -1.9633373e-01
   1.5530000e+03  -2.1539406e-01
   1.5540000e+03  -2.3730479e-01
   1.5550000e+03  -1.9026278e-01
   1.5560000e+03  -1.1577305e-01
   1.5570000e+03  -7.8520550e-02
   1.5580000e+03  -6.5997161e-02
   1.5590000e+03   4.1691780e-02
   1.5600000e+03   1.9564565e-01
   1.5610000e+03   3.1061272e-01
   1.5620000e+03   4.7360029e-01
   1.5630000e+03   6.4402411e-01
   1.5640000e+03   9.4335394e-01
   1.5650000e+03   1.2718077e+00
   1.5660000e+03   1.5561485e+00
   1.5670000e+03   1.7686829e+00
   1.5680000e+03   1.9310652e+00
   1.5690000e+03   2.0434100e+00
   1.5700000e+03   1.9976974e+00
   1.5710000e+03   1.7246353e+00
   1.5720000e+03   1.3404084e+00
   1.5730000e+03   8.4664998e-01
   1.5740000e+03   2.4360201e-01
   1.5750000e+03  -4.2929955e-01
   1.5760000e+03  -1.1501649e+00
   1.5770000e+03  -1.9223715e+00
   1.5780000e+03  -2.6685522e+00
   1.5790000e+03  -3.2320865e+00
   1.5800000e+03  -3.5988461e+00
   1.5810000e+03  -3.8111383e+00
   1.5820000e+03  -3.8880134e+00
   1.5830000e+03  -3.8297406e+00
   1.5840000e+03  -3.6373562e+00
   1.5850000e+03  -3.3676269e+00
   1.5860000e+03  -2.9958140e+00
   1.5870000e+03  -2.6260388e+00
   1.5880000e+03  -2.2945486e+00
   1.5890000e+03  -2.0131493e+00
   1.5900000e+03  -1.7480178e+00
   1.5910000e+03  -1.5401820e+00
   1.5920000e+03  -1.3532357e+00
   1.5930000e+03  -1.1760289e+00
   1.5940000e+03  -1.0664274e+00
   1.5950000e+03  -9.9141830e-01
   1.5960000e+03  -8.9458108e-01
   1.5970000e+03  -7.9991749e-01
   1.5980000e+03  -7.2574555e-01
   1.5990000e+03  -6.2984968e-01
   1.6000000e+03  -4.7176843e-01
   1.6010000e+03  -2.8001793e-01
   1.6020000e+03  -5.9454177e-02
   1.6030000e+03   2.0964559e-01
   1.6040000e+03   5.1928839e-01
   1.6050000e+03   8.7585873e-01
   1.6060000e+03   1.2902319e+00
   1.6070000e+03   1.7440674e+00
   1.6080000e+03   2.1436214e+00
   1.6090000e+03   2.5510236e+00
   1.6100000e+03   2.9364936e+00
   1.6110000e+03   3.2985191e+00
   1.6120000e+03   3.6023465e+00
   1.6130000e+03   3.8607144e+00
   1.6140000e+03   4.0350623e+00
   1.6150000e+03   4.0105672e+00
   1.6160000e+03   3.8887038e+00
   1.6170000e+03   3.6893936e+00
   1.6180000e+03   3.3748223e+00
   1.6190000e+03   2.9631793e+00
   1.6200000e+03   2.4309399e+00
   1.6210000e+03   1.8553196e+00
   1.6220000e+03   1.2033431e+00
   1.6230000e+03   5.0259648e-01
   1.6240000e+03  -1.7761656e-01
   1.6250000e+03  -7.7014230e-01
   1.6260000e+03  -1.3313285e+00
   1.6270000e+03  -1.8215020e+00
   1.6280000e+03  -2.2275685e+00
   1.6290000e+03  -2.5603329e+00
   1.6300000e+03  -2.7953368e+00
   1.6310000e+03  -2.8755077e+00
   1.6320000e+03  -2.9306895e+00
   1.6330000e+03  -2.9659997e+00
   1.6340000e+03  -2.9101636e+00
   1.6350000e+03  -2.7768944e+00
   1.6360000e+03  -2.6174485e+00
   1.6370000e+03  -2.4835786e+00
   1.6380000e+03  -2.3525273e+00
   1.6390000e+03  -2.2081462e+00
   1.6400000e+03  -2.0814776e+00
   1.6410000e+03  -1.9656852e+00
   1.6420000e+03  -1.8504992e+00
   1.6430000e+03  -1.8003387e+00
   1.6440000e+03  -1.6851801e+00
   1.6450000e+03  -1.5755542e+00
   1.6460000e+03  -1.5049182e+00
   1.6470000e+03  -1.4513348e+00
   1.6480000e+03  -1.3962775e+00
   1.6490000e+03  -1.3169382e+00
   1.6500000e+03  -1.2852595e+00
   1.6510000e+03  -1.2866934e+00
   1.6520000e+03  -1.2833613e+00
   1.6530000e+03  -1.2518867e+00
   1.6540000e+03  -1.2379090e+00
   1.6550000e+03  -1.2032658e+00
   1.6560000e+03  -1.1831158e+00
   1.6570000e+03  -1.1564564e+00
   1.6580000e+03  -1.1565349e+00
   1.6590000e+03  -1.1685952e+00
   1.6600000e+03  -1.1674022e+00
   1.6610000e+03  -1.1266375e+00
   1.6620000e+03  -1.1361610e+00
   1.6630000e+03  -1.1601636e+00
   1.6640000e+03  -1.1271742e+00
   1.6650000e+03  -1.0931979e+00
   1.6660000e+03  -1.0433361e+00
   1.6670000e+03  -1.0302156e+00
   1.6680000e+03  -1.0522212e+00
   1.6690000e+03  -1.0528242e+00
   1.6700000e+03  -1.0178610e+00
   1.6710000e+03  -9.8684041e-01
   1.6720000e+03  -9.2121225e-01
   1.6730000e+03  -9.3398406e-01
   1.6740000e+03  -9.1487066e-01
   1.6750000e+03  -8.4097624e-01
   1.6760000e+03  -8.3933193e-01
   1.6770000e+03  -7.8961824e-01
   1.6780000e+03  -6.7587300e-01
   1.6790000e+03  -5.9621001e-01
   1.6800000e+03  -5.8182875e-01
   1.6810000e+03  -5.7097541e-01
   1.6820000e+03  -5.3329431e-01
   1.6830000e+03  -5.0469694e-01
   1.6840000e+03  -5.3384414e-01
   1.6850000e+03  -5.2587643e-01
   1.6860000e+03  -5.2515922e-01
   1.6870000e+03  -6.2104424e-01
   1.6880000e+03  -7.5020310e-01
   1.6890000e+03  -8.0156948e-01
   1.6900000e+03  -8.6829225e-01
   1.6910000e+03  -9.7891675e-01
   1.6920000e+03  -1.1641356e+00
   1.6930000e+03  -1.3103345e+00
   1.6940000e+03  -1.4471257e+00
   1.6950000e+03  -1.5402673e+00
   1.6960000e+03  -1.6513162e+00
   1.6970000e+03  -1.7245328e+00
   1.6980000e+03  -1.7759531e+00
   1.6990000e+03  -1.8087218e+00
   1.7000000e+03  -1.8272162e+00
   1.7010000e+03  -1.8507016e+00
   1.7020000e+03  -1.8299976e+00
   1.7030000e+03  -1.7849841e+00
   1.7040000e+03  -1.7239515e+00
   1.7050000e+03  -1.7029462e+00
   1.7060000e+03  -1.6650011e+00
   1.7070000e+03  -1.6073893e+00
   1.7080000e+03  -1.5518753e+00
   1.7090000e+03  -1.4867400e+00
   1.7100000e+03  -1.4212292e+00
   1.7110000e+03  -1.3215907e+00
   1.7120000e+03  -1.2240661e+00
   1.7130000e+03  -1.1617751e+00
   1.7140000e+03  -1.1111772e+00
   1.7150000e+03  -1.0441866e+00
   1.7160000e+03  -1.0187426e+00
   1.7170000e+03  -9.9732541e-01
   1.7180000e+03  -9.3586270e-01
   1.7190000e+03  -8.8585943e-01
   1.7200000e+03  -8.4529596e-01
   1.7210000e+03  -7.9128639e-01
   1.7220000e+03  -7.5576120e-01
   1.7230000e+03  -7.6012309e-01
   1.7240000e+03  -7.8551572e-01
   1.7250000e+03  -7.6186177e-01
   1.7260000e+03  -7.2021589e-01
   1.7270000e+03  -6.6719227e-01
   1.7280000e+03  -6.2834022e-01
   1.7290000e+03  -5.7500620e-01
   1.7300000e+03  -5.5279993e-01
   1.7310000e+03  -5.3791052e-01
   1.7320000e+03  -5.3963652e-01
   1.7330000e+03  -5.0973142e-01
   1.7340000e+03  -4.8652830e-01
   1.7350000e+03  -4.6422667e-01
   1.7360000e+03  -4.5868368e-01
   1.7370000e+03  -4.5708845e-01
   1.7380000e+03  -4.1783476e-01
   1.7390000e+03  -3.8072487e-01
   1.7400000e+03  -3.7584190e-01
   1.7410000e+03  -3.5705906e-01
   1.7420000e+03  -3.4231226e-01
   1.7430000e+03  -3.0543317e-01
   1.7440000e+03  -3.3334016e-01
   1.7450000e+03  -3.2083748e-01
   1.7460000e+03  -2.9796476e-01
   1.7470000e+03  -2.7921110e-01
   1.7480000e+03  -2.4247539e-01
   1.7490000e+03  -2.3111993e-01
   1.7500000e+03  -2.3882451e-01
   1.7510000e+03  -2.5125498e-01
   1.7520000e+03  -2.6172190e-01
   1.7530000e+03  -2.5790679e-01
   1.7540000e+03  -2.1868390e-01
   1.7550000e+03  -2.0951350e-01
   1.7560000e+03  -2.2122752e-01
   1.7570000e+03  -2.1294640e-01
   1.7580000e+03  -1.8104203e-01
   1.7590000e+03  -1.7318248e-01
   1.7600000e+03  -1.8857660e-01
   1.7610000e+03  -1.8342936e-01
   1.7620000e+03  -1.7358517e-01
   1.7630000e+03  -1.9097176e-01
   1.7640000e+03  -2.0639017e-01
   1.7650000e+03  -1.8119809e-01
   1.7660000e+03  -1.8809384e-01
   1.7670000e+03  -1.7548344e-01
   1.7680000e+03  -1.5289986e-01
   1.7690000e+03  -1.6464533e-01
   1.7700000e+03  -1.6350304e-01
   1.7710000e+03  -1.7178193e-01
   1.7720000e+03  -1.8675122e-01
   1.7730000e+03  -1.6240240e-01
   1.7740000e+03  -1.5083177e-01
   1.7750000e+03  -1.3289218e-01
   1.7760000e+03  -1.1945164e-01
   1.7770000e+03  -9.7916296e-02
   1.7780000e+03  -1.2512630e-01
   1.7790000e+03  -1.3959976e-01
   1.7800000e+03  -1.2980534e-01
   1.7810000e+03  -8.4292549e-02
   1.7820000e+03  -8.4451279e-02
   1.7830000e+03  -9.1751803e-02
   1.7840000e+03  -8.4381334e-02
   1.7850000e+03  -7.0775897e-02
   1.7860000e+03  -5.8294958e-02
   1.7870000e+03  -4.8546644e-02
   1.7880000e+03  -4.0538305e-02
   1.7890000e+03  -4.8772694e-02
   1.7900000e+03  -5.2786672e-02
   1.7910000e+03  -1.7642940e-02
   1.7920000e+03  -1.7614851e-02
   1.7930000e+03  -8.4102890e-03
   1.7940000e+03   1.6898882e-02
   1.7950000e+03   2.1604758e-02
   1.7960000e+03   9.4597407e-03
   1.7970000e+03  -1.2550788e-02
   1.7980000e+03  -8.6097361e-03
   1.7990000e+03   1.7063637e-02
