   3.5100000e+02  -3.3989322e-02
   3.5200000e+02   2.1008371e-02
   3.5300000e+02  -1.4201395e-02
   3.5400000e+02  -5.9960378e-02
   3.5500000e+02  -9.2628939e-03
   3.5600000e+02   8.0423310e-02
   3.5700000e+02   1.4973170e-01
   3.5800000e+02   1.5368225e-01
   3.5900000e+02   1.5104340e-01
   3.6000000e+02   1.0414675e-01
   3.6100000e+02   6.7170636e-02
   3.6200000e+02   1.5683923e-01
   3.6300000e+02   1.1440392e-01
   3.6400000e+02  -2.0292750e-02
   3.6500000e+02   2.5932644e-02
   3.6600000e+02   8.2981754e-02
   3.6700000e+02   9.6675786e-02
   3.6800000e+02   1.1500509e-02
   3.6900000e+02  -6.7132135e-02
   3.7000000e+02  -1.1637547e-01
   3.7100000e+02  -7.3337527e-02
   3.7200000e+02   1.7823224e-02
   3.7300000e+02   9.4449821e-02
   3.7400000e+02   8.9727001e-03
   3.7500000e+02  -1.2137174e-02
   3.7600000e+02   2.2710107e-02
   3.7700000e+02   1.3220906e-01
   3.7800000e+02   1.7004048e-01
   3.7900000e+02   1.0656267e-01
   3.8000000e+02   8.9374597e-02
   3.8100000e+02   4.6517436e-02
   3.8200000e+02   7.6361441e-02
   3.8300000e+02   1.2464303e-01
   3.8400000e+02   1.0426958e-01
   3.8500000e+02   1.2340075e-02
   3.8600000e+02   7.0138066e-03
   3.8700000e+02  -4.1236145e-02
   3.8800000e+02  -7.0275515e-02
   3.8900000e+02  -9.4690086e-03
   3.9000000e+02   5.6598702e-02
   3.9100000e+02   6.4276080e-02
   3.9200000e+02   5.9070626e-02
   3.9300000e+02   7.0695502e-02
   3.9400000e+02   7.2061364e-02
   3.9500000e+02   1.4269315e-02
   3.9600000e+02   3.3324705e-02
   3.9700000e+02   8.4775599e-02
   3.9800000e+02   9.3433328e-02
   3.9900000e+02   9.9901519e-02
   4.0000000e+02   9.7017762e-02
   4.0100000e+02   1.9691815e-02
   4.0200000e+02  -8.4247773e-03
   4.0300000e+02   2.2577060e-02
   4.0400000e+02   2.7120051e-02
   4.0500000e+02  -2.8371766e-02
   4.0600000e+02   2.7726628e-02
   4.0700000e+02   6.9335719e-02
   4.0800000e+02   2.7735897e-02
   4.0900000e+02   7.8846577e-03
   4.1000000e+02   4.0451738e-03
   4.1100000e+02  -2.9254229e-02
   4.1200000e+02  -9.0154093e-02
   4.1300000e+02  -7.4545883e-02
   4.1400000e+02  -3.1053801e-02
   4.1500000e+02   5.5605987e-02
   4.1600000e+02  -1.7661514e-03
   4.1700000e+02  -8.4977395e-02
   4.1800000e+02  -9.1367054e-02
   4.1900000e+02   8.7030550e-03
   4.2000000e+02   1.7070548e-02
   4.2100000e+02   2.0031738e-03
   4.2200000e+02  -1.7202151e-04
   4.2300000e+02   1.0798785e-02
   4.2400000e+02   5.6345628e-02
   4.2500000e+02   7.8780800e-02
   4.2600000e+02   8.4259070e-02
   4.2700000e+02   1.4539318e-01
   4.2800000e+02   1.8926416e-01
   4.2900000e+02   2.1221789e-01
   4.3000000e+02   2.4519839e-01
   4.3100000e+02   2.8582343e-01
   4.3200000e+02   2.0874171e-01
   4.3300000e+02   1.3417735e-01
   4.3400000e+02   1.9804516e-01
   4.3500000e+02   2.2563479e-01
   4.3600000e+02   2.4360126e-01
   4.3700000e+02   1.7542026e-01
   4.3800000e+02   1.1974595e-01
   4.3900000e+02   8.2933531e-02
   4.4000000e+02   1.2255274e-01
   4.4100000e+02   1.3875431e-01
   4.4200000e+02   1.8091271e-01
   4.4300000e+02   1.3364679e-01
   4.4400000e+02  -1.4275832e-02
   4.4500000e+02  -4.0596771e-02
   4.4600000e+02   1.1348519e-01
   4.4700000e+02   1.0892564e-01
   4.4800000e+02   2.0061782e-02
   4.4900000e+02  -2.8705535e-02
   4.5000000e+02  -1.6853905e-02
   4.5100000e+02   2.3166365e-02
   4.5200000e+02   2.0758091e-02
   4.5300000e+02   2.1285234e-03
   4.5400000e+02  -4.7630655e-02
   4.5500000e+02  -5.9139657e-02
   4.5600000e+02   2.5047167e-02
   4.5700000e+02   3.4035386e-02
   4.5800000e+02   3.7432705e-02
   4.5900000e+02  -2.9904876e-02
   4.6000000e+02  -1.3469078e-02
   4.6100000e+02   8.5999717e-02
   4.6200000e+02   7.7875601e-02
   4.6300000e+02   1.5720168e-01
   4.6400000e+02   2.3578108e-01
   4.6500000e+02   1.2844762e-01
   4.6600000e+02   4.2188874e-02
   4.6700000e+02   3.1697760e-02
   4.6800000e+02   4.2805993e-02
   4.6900000e+02   1.0630060e-01
   4.7000000e+02   1.5377464e-01
   4.7100000e+02   1.0444823e-01
   4.7200000e+02   6.3269089e-02
   4.7300000e+02   8.0166862e-02
   4.7400000e+02   1.2210615e-01
   4.7500000e+02   1.2809190e-01
   4.7600000e+02   1.3200542e-01
   4.7700000e+02   1.8778008e-01
   4.7800000e+02   1.5644617e-01
   4.7900000e+02   6.7960467e-02
   4.8000000e+02   4.8570007e-02
   4.8100000e+02   1.0659215e-01
   4.8200000e+02   1.7392167e-01
   4.8300000e+02   5.3907819e-02
   4.8400000e+02  -2.6941170e-02
   4.8500000e+02   1.1751205e-02
   4.8600000e+02   9.5402160e-02
   4.8700000e+02   1.5356035e-01
   4.8800000e+02   1.4734725e-01
   4.8900000e+02   1.1419209e-01
   4.9000000e+02   2.5970696e-02
   4.9100000e+02   3.1164328e-02
   4.9200000e+02   1.0318850e-01
   4.9300000e+02  -1.7349065e-04
   4.9400000e+02  -6.6876604e-02
   4.9500000e+02   1.0958466e-02
   4.9600000e+02   4.5900129e-04
   4.9700000e+02  -5.7077409e-03
   4.9800000e+02  -2.1834047e-02
   4.9900000e+02  -7.3879279e-02
   5.0000000e+02  -1.0218571e-01
   5.0100000e+02  -7.7465304e-02
   5.0200000e+02  -1.1404261e-01
   5.0300000e+02  -1.3541002e-01
   5.0400000e+02  -7.4736615e-02
   5.0500000e+02  -8.1122844e-02
   5.0600000e+02  -1.4811981e-02
   5.0700000e+02   1.8947059e-04
   5.0800000e+02  -4.2653309e-02
   5.0900000e+02  -5.6021622e-02
   5.1000000e+02  -6.1222099e-02
   5.1100000e+02   2.6775876e-02
   5.1200000e+02   7.4962479e-02
   5.1300000e+02   5.3938555e-02
   5.1400000e+02   2.5082168e-03
   5.1500000e+02  -2.1885411e-02
   5.1600000e+02   1.6108588e-02
   5.1700000e+02   1.0138487e-02
   5.1800000e+02  -2.2255136e-02
   5.1900000e+02  -6.6040097e-02
   5.2000000e+02   6.3833533e-03
   5.2100000e+02   9.9689067e-02
   5.2200000e+02   5.4933316e-02
   5.2300000e+02  -4.2909316e-02
   5.2400000e+02  -1.5882068e-01
   5.2500000e+02  -1.2209231e-01
   5.2600000e+02  -5.3523659e-02
   5.2700000e+02  -4.5564117e-02
   5.2800000e+02  -8.7682122e-02
   5.2900000e+02  -1.7290742e-01
   5.3000000e+02  -1.7926002e-01
   5.3100000e+02  -1.5996623e-01
   5.3200000e+02  -1.6916897e-01
   5.3300000e+02  -2.6427968e-01
   5.3400000e+02  -3.2282052e-01
   5.3500000e+02  -1.5985441e-01
   5.3600000e+02  -9.4185242e-02
   5.3700000e+02  -8.6442569e-02
   5.3800000e+02  -9.4064464e-02
   5.3900000e+02  -1.6217767e-01
   5.4000000e+02  -1.7712054e-01
   5.4100000e+02  -1.3497504e-01
   5.4200000e+02  -1.6859897e-01
   5.4300000e+02  -1.6381842e-01
   5.4400000e+02  -9.9114264e-02
   5.4500000e+02  -9.6172819e-02
   5.4600000e+02  -9.1632729e-02
   5.4700000e+02  -1.0353017e-01
   5.4800000e+02  -1.1323867e-01
   5.4900000e+02  -1.0838287e-01
   5.5000000e+02  -1.1373458e-01
   5.5100000e+02  -1.9100801e-02
   5.5200000e+02   5.7084271e-02
   5.5300000e+02   1.4054132e-02
   5.5400000e+02   9.4827453e-04
   5.5500000e+02  -8.3942324e-04
   5.5600000e+02   3.1849864e-02
   5.5700000e+02  -6.0863048e-03
   5.5800000e+02  -2.5240508e-02
   5.5900000e+02   4.5754036e-03
   5.6000000e+02  -4.8988942e-02
   5.6100000e+02  -4.4152508e-02
   5.6200000e+02   1.2267786e-02
   5.6300000e+02  -4.0752272e-02
   5.6400000e+02  -5.7189044e-02
   5.6500000e+02   8.1123456e-03
   5.6600000e+02   4.8893963e-02
   5.6700000e+02   5.3148031e-02
   5.6800000e+02   1.8288763e-02
   5.6900000e+02  -5.4620808e-02
   5.7000000e+02  -1.0666385e-02
   5.7100000e+02   3.1578858e-02
   5.7200000e+02   3.5277879e-02
   5.7300000e+02  -1.2062518e-02
   5.7400000e+02  -1.0948966e-01
   5.7500000e+02  -8.8967358e-02
   5.7600000e+02  -5.4766495e-02
   5.7700000e+02  -5.5345581e-02
   5.7800000e+02  -1.0930808e-01
   5.7900000e+02  -1.0382907e-01
   5.8000000e+02  -1.1165883e-01
   5.8100000e+02  -8.4411002e-02
   5.8200000e+02  -8.4947785e-02
   5.8300000e+02  -1.3803489e-01
   5.8400000e+02  -1.6087241e-01
   5.8500000e+02  -1.3561904e-01
   5.8600000e+02  -6.5294127e-02
   5.8700000e+02  -6.0136451e-02
   5.8800000e+02  -1.3814355e-02
   5.8900000e+02   7.3490943e-03
   5.9000000e+02   3.4589181e-02
   5.9100000e+02   8.7272641e-02
   5.9200000e+02   6.9261919e-02
   5.9300000e+02  -1.6659864e-03
   5.9400000e+02   2.0613572e-03
   5.9500000e+02   5.0479027e-02
   5.9600000e+02  -6.0712305e-03
   5.9700000e+02  -5.0198107e-02
   5.9800000e+02   3.2713051e-02
   5.9900000e+02   1.1780572e-01
   6.0000000e+02   1.0723913e-01
   6.0100000e+02   1.7615809e-01
   6.0200000e+02   1.1472158e-01
   6.0300000e+02  -7.5294979e-02
   6.0400000e+02  -3.1893879e-02
   6.0500000e+02   1.0031583e-01
   6.0600000e+02   1.5669663e-02
   6.0700000e+02  -7.6095966e-02
   6.0800000e+02  -1.6008813e-01
   6.0900000e+02  -2.0900049e-01
   6.1000000e+02  -2.0805778e-01
   6.1100000e+02  -1.6505249e-01
   6.1200000e+02  -2.2629739e-01
   6.1300000e+02  -2.9770916e-01
   6.1400000e+02  -2.6492751e-01
   6.1500000e+02  -1.7309879e-01
   6.1600000e+02  -2.1867468e-01
   6.1700000e+02  -1.6629619e-01
   6.1800000e+02  -8.5348763e-02
   6.1900000e+02  -2.1387010e-02
   6.2000000e+02   5.5627094e-03
   6.2100000e+02   1.2845923e-02
   6.2200000e+02   7.7850841e-02
   6.2300000e+02   1.2192437e-01
   6.2400000e+02   1.7203619e-01
   6.2500000e+02   2.3059819e-01
   6.2600000e+02   2.6118889e-01
   6.2700000e+02   3.5936237e-01
   6.2800000e+02   5.3800365e-01
   6.2900000e+02   6.1711291e-01
   6.3000000e+02   5.9396284e-01
   6.3100000e+02   5.8269148e-01
   6.3200000e+02   6.5572610e-01
   6.3300000e+02   7.1118382e-01
   6.3400000e+02   6.0747334e-01
   6.3500000e+02   5.0217829e-01
   6.3600000e+02   4.4053715e-01
   6.3700000e+02   4.3590613e-01
   6.3800000e+02   3.5565630e-01
   6.3900000e+02   2.3152496e-01
   6.4000000e+02   2.5742358e-02
   6.4100000e+02  -1.9364625e-01
   6.4200000e+02  -2.9395447e-01
   6.4300000e+02  -2.5651712e-01
   6.4400000e+02  -2.9863600e-01
   6.4500000e+02  -4.2103336e-01
   6.4600000e+02  -5.1364487e-01
   6.4700000e+02  -5.1290155e-01
   6.4800000e+02  -3.8688104e-01
   6.4900000e+02  -3.2654619e-01
   6.5000000e+02  -3.5605738e-01
   6.5100000e+02  -3.7563473e-01
   6.5200000e+02  -3.2119632e-01
   6.5300000e+02  -2.7096543e-01
   6.5400000e+02  -2.1216172e-01
   6.5500000e+02  -1.6766984e-01
   6.5600000e+02  -1.5434229e-01
   6.5700000e+02  -1.1822373e-01
   6.5800000e+02  -3.0835912e-02
   6.5900000e+02   1.8650030e-02
   6.6000000e+02  -1.0028701e-01
   6.6100000e+02  -1.5991969e-01
   6.6200000e+02  -1.0239844e-01
   6.6300000e+02  -1.2140915e-01
   6.6400000e+02  -1.7606948e-01
   6.6500000e+02  -1.6312836e-01
   6.6600000e+02  -7.4151762e-02
   6.6700000e+02  -6.4953970e-03
   6.6800000e+02  -1.0380447e-02
   6.6900000e+02  -5.5280750e-02
   6.7000000e+02  -9.7786730e-02
   6.7100000e+02  -6.5164698e-02
   6.7200000e+02  -1.7739568e-02
   6.7300000e+02  -1.9299807e-02
   6.7400000e+02  -3.5538283e-02
   6.7500000e+02  -3.9794986e-02
   6.7600000e+02  -5.6365363e-02
   6.7700000e+02  -7.9531178e-02
   6.7800000e+02  -8.0332953e-02
   6.7900000e+02  -8.6783420e-02
   6.8000000e+02  -7.5982983e-02
   6.8100000e+02  -2.6269670e-02
   6.8200000e+02  -7.4227147e-02
   6.8300000e+02  -1.1549813e-01
   6.8400000e+02  -6.7356028e-02
   6.8500000e+02   3.7412678e-02
   6.8600000e+02   9.1501693e-02
   6.8700000e+02   5.0973026e-02
   6.8800000e+02   2.1845373e-02
   6.8900000e+02   7.4419506e-03
   6.9000000e+02   4.8012189e-03
   6.9100000e+02   3.7828311e-03
   6.9200000e+02   1.2929445e-02
   6.9300000e+02   7.0428175e-03
   6.9400000e+02   2.0725948e-02
   6.9500000e+02   6.8319916e-02
   6.9600000e+02   9.0881404e-02
   6.9700000e+02   4.4785850e-02
   6.9800000e+02   5.6433973e-02
   6.9900000e+02   5.0037217e-02
   7.0000000e+02  -7.2446163e-03
   7.0100000e+02   1.2114241e-02
   7.0200000e+02   5.3722302e-02
   7.0300000e+02   7.1888007e-02
   7.0400000e+02   1.6167832e-02
   7.0500000e+02  -2.6303445e-02
   7.0600000e+02   1.7086647e-02
   7.0700000e+02   5.9681004e-02
   7.0800000e+02   1.0412311e-01
   7.0900000e+02   1.1268721e-01
   7.1000000e+02   5.2724398e-02
   7.1100000e+02  -6.5647042e-03
   7.1200000e+02  -1.6816098e-03
   7.1300000e+02   4.3233226e-02
   7.1400000e+02   7.8593717e-02
   7.1500000e+02  -2.5041095e-02
   7.1600000e+02  -1.3147094e-02
   7.1700000e+02   3.0447731e-02
   7.1800000e+02  -6.1660948e-03
   7.1900000e+02  -2.7538755e-02
   7.2000000e+02  -2.8003425e-02
   7.2100000e+02  -2.7661525e-02
   7.2200000e+02  -9.4445549e-02
   7.2300000e+02  -1.8412193e-01
   7.2400000e+02  -2.0567376e-01
   7.2500000e+02  -2.0157533e-01
   7.2600000e+02  -1.6822643e-01
   7.2700000e+02  -1.6719236e-01
   7.2800000e+02  -1.5569693e-01
   7.2900000e+02  -1.7174936e-01
   7.3000000e+02  -2.0242298e-01
   7.3100000e+02  -2.8700295e-01
   7.3200000e+02  -2.5014207e-01
   7.3300000e+02  -2.0947120e-01
   7.3400000e+02  -2.5444635e-01
   7.3500000e+02  -2.1530689e-01
   7.3600000e+02  -1.9577270e-01
   7.3700000e+02  -2.2499163e-01
   7.3800000e+02  -2.2152405e-01
   7.3900000e+02  -1.8596952e-01
   7.4000000e+02  -1.4120225e-01
   7.4100000e+02  -8.3821387e-02
   7.4200000e+02  -1.2069600e-01
   7.4300000e+02  -1.6427269e-01
   7.4400000e+02  -1.0837312e-01
   7.4500000e+02  -9.0166315e-02
   7.4600000e+02  -9.3199880e-02
   7.4700000e+02  -8.9301771e-02
   7.4800000e+02  -1.2631769e-01
   7.4900000e+02  -1.5750416e-01
   7.5000000e+02  -1.6331075e-01
   7.5100000e+02  -1.6997022e-01
   7.5200000e+02  -1.4897091e-01
   7.5300000e+02  -1.1680549e-01
   7.5400000e+02  -1.6051690e-01
   7.5500000e+02  -1.8594898e-01
   7.5600000e+02  -2.6193251e-01
   7.5700000e+02  -3.0844087e-01
   7.5800000e+02  -2.8329225e-01
   7.5900000e+02  -2.6571779e-01
   7.6000000e+02  -2.9371543e-01
   7.6100000e+02  -2.4293264e-01
   7.6200000e+02  -1.8661195e-01
   7.6300000e+02  -1.8006200e-01
   7.6400000e+02  -1.7550718e-01
   7.6500000e+02  -1.1758981e-01
   7.6600000e+02  -5.0807635e-02
   7.6700000e+02  -5.5709465e-02
   7.6800000e+02  -1.4257049e-02
   7.6900000e+02   1.7174070e-01
   7.7000000e+02   3.3797283e-01
   7.7100000e+02   5.5980489e-01
   7.7200000e+02   7.8485177e-01
   7.7300000e+02   1.1693389e+00
   7.7400000e+02   1.5521282e+00
   7.7500000e+02   1.9079414e+00
   7.7600000e+02   2.2768301e+00
   7.7700000e+02   2.5588389e+00
   7.7800000e+02   2.7777317e+00
   7.7900000e+02   2.8997370e+00
   7.8000000e+02   2.8436625e+00
   7.8100000e+02   2.6600970e+00
   7.8200000e+02   2.4232566e+00
   7.8300000e+02   2.1546485e+00
   7.8400000e+02   1.8313721e+00
   7.8500000e+02   1.3504633e+00
   7.8600000e+02   8.9060700e-01
   7.8700000e+02   5.8771620e-01
   7.8800000e+02   3.3953357e-01
   7.8900000e+02   1.0575009e-01
   7.9000000e+02  -3.7243019e-05
   7.9100000e+02  -1.4531190e-02
   7.9200000e+02  -6.3909093e-02
   7.9300000e+02  -1.0120353e-01
   7.9400000e+02  -4.2024800e-02
   7.9500000e+02   4.0571334e-02
   7.9600000e+02   1.2077988e-01
   7.9700000e+02   1.0131530e-01
   7.9800000e+02   3.0462418e-02
   7.9900000e+02   1.3380661e-03
   8.0000000e+02   6.4621804e-02
   8.0100000e+02   7.2523838e-02
   8.0200000e+02   1.0966955e-01
   8.0300000e+02   3.2322712e-02
   8.0400000e+02  -8.9353318e-02
   8.0500000e+02   3.2363574e-02
   8.0600000e+02   1.7782980e-01
   8.0700000e+02   1.2420196e-01
   8.0800000e+02   9.1813822e-02
   8.0900000e+02   7.6768383e-02
   8.1000000e+02   3.5650157e-02
   8.1100000e+02   1.1453485e-02
   8.1200000e+02   3.1121330e-02
   8.1300000e+02  -1.1528186e-02
   8.1400000e+02  -3.8544825e-02
   8.1500000e+02  -8.7611511e-02
   8.1600000e+02  -1.2878690e-01
   8.1700000e+02  -1.6816444e-01
   8.1800000e+02  -1.9724429e-01
   8.1900000e+02  -2.3376533e-01
   8.2000000e+02  -1.9021885e-01
   8.2100000e+02  -2.0513873e-01
   8.2200000e+02  -2.7977601e-01
   8.2300000e+02  -3.3827896e-01
   8.2400000e+02  -3.6108346e-01
   8.2500000e+02  -3.2906541e-01
   8.2600000e+02  -3.2860258e-01
   8.2700000e+02  -3.5567894e-01
   8.2800000e+02  -3.2862179e-01
   8.2900000e+02  -2.3845548e-01
   8.3000000e+02  -1.8093258e-01
   8.3100000e+02  -1.4446575e-01
   8.3200000e+02  -2.3273952e-02
   8.3300000e+02   3.8142652e-03
   8.3400000e+02  -2.5917930e-02
   8.3500000e+02  -8.2181281e-02
   8.3600000e+02  -2.9682098e-02
   8.3700000e+02  -1.0783057e-03
   8.3800000e+02   1.7277372e-02
   8.3900000e+02   4.6196361e-02
   8.4000000e+02   6.5991625e-02
   8.4100000e+02   8.0600900e-02
   8.4200000e+02   5.5363839e-02
   8.4300000e+02   7.9358407e-02
   8.4400000e+02   1.0511851e-01
   8.4500000e+02   3.7820436e-02
   8.4600000e+02   2.3589714e-02
   8.4700000e+02   3.6513366e-02
   8.4800000e+02   6.0031111e-02
   8.4900000e+02   1.3215268e-01
   8.5000000e+02   1.0930855e-01
   8.5100000e+02   7.1021521e-02
   8.5200000e+02   1.1942187e-01
   8.5300000e+02   1.7330080e-01
   8.5400000e+02   1.4702588e-01
   8.5500000e+02   7.1189444e-02
   8.5600000e+02   6.0211352e-02
   8.5700000e+02   9.0259057e-02
   8.5800000e+02   1.4064961e-01
   8.5900000e+02   1.5646379e-01
   8.6000000e+02   1.4473313e-01
   8.6100000e+02   1.5204216e-01
   8.6200000e+02   1.1519267e-01
   8.6300000e+02   6.1531653e-02
   8.6400000e+02   9.3181513e-02
   8.6500000e+02   6.9586610e-02
   8.6600000e+02   4.7252087e-02
   8.6700000e+02   8.4361702e-02
   8.6800000e+02   4.2362837e-02
   8.6900000e+02   1.5695619e-03
   8.7000000e+02   2.6775022e-04
   8.7100000e+02  -6.5919923e-03
   8.7200000e+02  -1.5392280e-02
   8.7300000e+02   1.3475163e-02
   8.7400000e+02   2.1299116e-02
   8.7500000e+02   3.6039422e-02
   8.7600000e+02   6.9839340e-02
   8.7700000e+02   6.2523898e-02
   8.7800000e+02   8.3249418e-02
   8.7900000e+02   4.8163358e-02
   8.8000000e+02  -1.5320026e-02
   8.8100000e+02   3.3744169e-02
   8.8200000e+02   6.0142516e-02
   8.8300000e+02   9.0328518e-02
   8.8400000e+02   8.4331016e-02
   8.8500000e+02   8.9522967e-02
   8.8600000e+02   4.8536995e-02
   8.8700000e+02   2.3265761e-02
   8.8800000e+02   2.3447858e-02
   8.8900000e+02   2.6543864e-02
   8.9000000e+02   6.9055295e-02
   8.9100000e+02   3.8071524e-02
   8.9200000e+02   8.5837555e-03
   8.9300000e+02   1.6709207e-02
   8.9400000e+02   6.4059547e-02
   8.9500000e+02   6.4345570e-02
   8.9600000e+02   1.4005632e-02
   8.9700000e+02  -4.2497098e-03
   8.9800000e+02   4.3889680e-02
   8.9900000e+02   5.6957978e-02
   9.0000000e+02   3.3851953e-02
   9.0100000e+02  -1.0603104e-02
   9.0200000e+02  -6.0528819e-02
   9.0300000e+02  -8.2517357e-03
   9.0400000e+02  -3.7340412e-02
   9.0500000e+02  -9.5630341e-02
   9.0600000e+02  -7.8908952e-02
   9.0700000e+02  -5.1593761e-03
   9.0800000e+02   2.7708572e-02
   9.0900000e+02  -9.1754817e-02
   9.1000000e+02  -1.2088263e-01
   9.1100000e+02  -1.0110316e-01
   9.1200000e+02  -5.5263554e-02
   9.1300000e+02   6.6499884e-03
   9.1400000e+02  -4.5624960e-02
   9.1500000e+02  -1.3710950e-01
   9.1600000e+02  -7.5304960e-02
   9.1700000e+02  -6.2056328e-02
   9.1800000e+02  -1.0568870e-01
   9.1900000e+02  -4.6246086e-02
   9.2000000e+02   1.3679310e-02
   9.2100000e+02   4.9475335e-02
   9.2200000e+02   1.9838805e-02
   9.2300000e+02   9.0101651e-04
   9.2400000e+02   2.1987471e-02
   9.2500000e+02   6.9038686e-02
   9.2600000e+02   1.2512471e-01
   9.2700000e+02   1.1789387e-01
   9.2800000e+02   8.9363360e-02
   9.2900000e+02   5.7609408e-02
   9.3000000e+02   2.5378244e-02
   9.3100000e+02   2.2030849e-02
   9.3200000e+02   2.8191178e-02
   9.3300000e+02   5.0296159e-03
   9.3400000e+02  -6.9111891e-02
   9.3500000e+02  -7.1906887e-02
   9.3600000e+02  -5.4317138e-02
   9.3700000e+02  -4.1702535e-02
   9.3800000e+02  -3.9390137e-02
   9.3900000e+02  -5.5775715e-02
   9.4000000e+02  -3.7600980e-02
   9.4100000e+02  -1.5877103e-03
   9.4200000e+02  -6.4948775e-02
   9.4300000e+02  -8.4439746e-02
   9.4400000e+02  -1.7841461e-02
   9.4500000e+02   1.3258254e-02
   9.4600000e+02   2.3070220e-02
   9.4700000e+02  -2.3494414e-02
   9.4800000e+02  -1.3927537e-02
   9.4900000e+02   9.1607854e-03
   9.5000000e+02  -1.3943618e-02
   9.5100000e+02  -3.0785568e-02
   9.5200000e+02  -5.4536654e-02
   9.5300000e+02  -8.2339612e-02
   9.5400000e+02  -5.1620311e-02
   9.5500000e+02  -5.3426668e-02
   9.5600000e+02  -7.3836704e-02
   9.5700000e+02  -8.1002068e-02
   9.5800000e+02  -7.5245691e-02
   9.5900000e+02  -8.9705999e-02
   9.6000000e+02  -1.1209592e-01
   9.6100000e+02  -1.5698324e-01
   9.6200000e+02  -1.4398454e-01
   9.6300000e+02  -1.0213222e-01
   9.6400000e+02  -1.2899215e-01
   9.6500000e+02  -1.4793322e-01
   9.6600000e+02  -1.7042610e-01
   9.6700000e+02  -1.7236742e-01
   9.6800000e+02  -1.2048504e-01
   9.6900000e+02  -6.7755537e-02
   9.7000000e+02  -9.3946957e-02
   9.7100000e+02  -1.0449647e-01
   9.7200000e+02  -1.1813853e-01
   9.7300000e+02  -1.3297738e-01
   9.7400000e+02  -1.9153063e-01
   9.7500000e+02  -2.0045449e-01
   9.7600000e+02  -1.3672150e-01
   9.7700000e+02  -3.5960025e-02
   9.7800000e+02  -6.6670975e-02
   9.7900000e+02  -1.4006442e-01
   9.8000000e+02  -1.3243581e-01
   9.8100000e+02  -1.1921590e-01
   9.8200000e+02  -7.7394138e-02
   9.8300000e+02  -7.2051864e-02
   9.8400000e+02  -1.0724369e-01
   9.8500000e+02  -1.0010445e-01
   9.8600000e+02  -1.2418732e-01
   9.8700000e+02  -2.0001291e-01
   9.8800000e+02  -2.3237752e-01
   9.8900000e+02  -2.1643318e-01
   9.9000000e+02  -2.5485378e-01
   9.9100000e+02  -2.5783946e-01
   9.9200000e+02  -2.5860884e-01
   9.9300000e+02  -2.3772382e-01
   9.9400000e+02  -2.4789126e-01
   9.9500000e+02  -2.2878200e-01
   9.9600000e+02  -2.2242309e-01
   9.9700000e+02  -2.5588004e-01
   9.9800000e+02  -1.9143056e-01
   9.9900000e+02  -1.3783169e-01
   1.0000000e+03  -2.1564055e-01
   1.0010000e+03  -2.2107644e-01
   1.0020000e+03  -1.9465960e-01
   1.0030000e+03  -1.4884440e-01
   1.0040000e+03  -1.9419133e-01
   1.0050000e+03  -2.5957485e-01
   1.0060000e+03  -2.6849094e-01
   1.0070000e+03  -2.9784171e-01
   1.0080000e+03  -3.2768010e-01
   1.0090000e+03  -3.6127896e-01
   1.0100000e+03  -3.7742685e-01
   1.0110000e+03  -3.6940804e-01
   1.0120000e+03  -2.9428606e-01
   1.0130000e+03  -2.6528801e-01
   1.0140000e+03  -3.3507568e-01
   1.0150000e+03  -3.5664668e-01
   1.0160000e+03  -2.9635235e-01
   1.0170000e+03  -2.7325481e-01
   1.0180000e+03  -2.6704759e-01
   1.0190000e+03  -2.5673348e-01
   1.0200000e+03  -2.3926194e-01
   1.0210000e+03  -2.4307899e-01
   1.0220000e+03  -2.3294945e-01
   1.0230000e+03  -1.5356605e-01
   1.0240000e+03  -1.5801180e-01
   1.0250000e+03  -2.3207097e-01
   1.0260000e+03  -2.0742993e-01
   1.0270000e+03  -1.5915899e-01
   1.0280000e+03  -1.2274077e-01
   1.0290000e+03  -6.2729276e-02
   1.0300000e+03  -1.7563854e-02
   1.0310000e+03  -2.0314747e-02
   1.0320000e+03  -4.9100586e-02
   1.0330000e+03  -4.7165311e-02
   1.0340000e+03  -3.0536533e-02
   1.0350000e+03  -3.3280319e-02
   1.0360000e+03   5.1584829e-03
   1.0370000e+03  -3.6427143e-03
   1.0380000e+03  -1.8769568e-02
   1.0390000e+03   1.7215308e-02
   1.0400000e+03   6.9525327e-02
   1.0410000e+03   8.8537729e-02
   1.0420000e+03   1.8470839e-02
   1.0430000e+03   2.7408378e-02
   1.0440000e+03   7.1553215e-02
   1.0450000e+03   1.0932783e-01
   1.0460000e+03   1.7989667e-01
   1.0470000e+03   1.8803946e-01
   1.0480000e+03   1.6994299e-01
   1.0490000e+03   2.3682470e-01
   1.0500000e+03   2.3036596e-01
   1.0510000e+03   1.8746370e-01
   1.0520000e+03   1.8409799e-01
   1.0530000e+03   2.2750501e-01
   1.0540000e+03   2.9670350e-01
   1.0550000e+03   3.4631733e-01
   1.0560000e+03   3.7560440e-01
   1.0570000e+03   3.7089830e-01
   1.0580000e+03   3.2410392e-01
   1.0590000e+03   3.6525582e-01
   1.0600000e+03   3.5629641e-01
   1.0610000e+03   2.5987891e-01
   1.0620000e+03   2.3027962e-01
   1.0630000e+03   2.5117589e-01
   1.0640000e+03   3.0512730e-01
   1.0650000e+03   3.5330364e-01
   1.0660000e+03   3.2517456e-01
   1.0670000e+03   3.2401613e-01
   1.0680000e+03   3.2645367e-01
   1.0690000e+03   2.3322037e-01
   1.0700000e+03   2.4498769e-01
   1.0710000e+03   3.3956010e-01
   1.0720000e+03   2.9013245e-01
   1.0730000e+03   2.3864133e-01
   1.0740000e+03   2.5496829e-01
   1.0750000e+03   2.5847812e-01
   1.0760000e+03   2.3048785e-01
   1.0770000e+03   2.4060399e-01
   1.0780000e+03   2.3229890e-01
   1.0790000e+03   1.7545458e-01
   1.0800000e+03   1.7412644e-01
   1.0810000e+03   2.0456359e-01
   1.0820000e+03   2.1633859e-01
   1.0830000e+03   1.8333827e-01
   1.0840000e+03   1.8201454e-01
   1.0850000e+03   1.5138520e-01
   1.0860000e+03   1.9768623e-01
   1.0870000e+03   2.2969156e-01
   1.0880000e+03   1.6691259e-01
   1.0890000e+03   1.8437973e-01
   1.0900000e+03   1.5467613e-01
   1.0910000e+03   1.4324554e-01
   1.0920000e+03   1.5820556e-01
   1.0930000e+03   1.6829879e-01
   1.0940000e+03   1.6430107e-01
   1.0950000e+03   1.7359667e-01
   1.0960000e+03   1.6763641e-01
   1.0970000e+03   1.2127311e-01
   1.0980000e+03   6.0253047e-02
   1.0990000e+03   7.3026065e-02
   1.1000000e+03   1.3083534e-01
   1.1010000e+03   1.4746118e-01
   1.1020000e+03   1.3090791e-01
   1.1030000e+03   1.0179244e-01
   1.1040000e+03   1.0263324e-01
   1.1050000e+03   9.3460854e-02
   1.1060000e+03   3.8264493e-02
   1.1070000e+03   1.6123323e-02
   1.1080000e+03   2.9913108e-02
   1.1090000e+03  -6.5958160e-03
   1.1100000e+03  -6.4939481e-03
   1.1110000e+03  -6.9035341e-03
   1.1120000e+03  -5.6713161e-02
   1.1130000e+03  -6.6832933e-02
   1.1140000e+03  -6.9186670e-02
   1.1150000e+03  -7.7252853e-02
   1.1160000e+03  -6.6133942e-02
   1.1170000e+03  -7.0765008e-02
   1.1180000e+03  -1.2228933e-01
   1.1190000e+03  -1.0327024e-01
   1.1200000e+03  -8.5625260e-02
   1.1210000e+03  -1.0322131e-01
   1.1220000e+03  -7.9165394e-02
   1.1230000e+03  -4.1162139e-02
   1.1240000e+03  -9.3604062e-03
   1.1250000e+03   1.2651135e-02
   1.1260000e+03  -1.3116598e-02
   1.1270000e+03  -9.3329883e-03
   1.1280000e+03  -1.6312145e-02
   1.1290000e+03   1.1457380e-02
   1.1300000e+03   2.2464367e-02
   1.1310000e+03   7.8937748e-04
   1.1320000e+03   1.2034722e-02
   1.1330000e+03  -1.9236265e-02
   1.1340000e+03  -5.2947326e-02
   1.1350000e+03  -6.1817232e-02
   1.1360000e+03  -7.1472951e-02
   1.1370000e+03  -4.6291303e-02
   1.1380000e+03  -3.3941994e-02
   1.1390000e+03  -1.1669410e-02
   1.1400000e+03  -2.1386382e-02
   1.1410000e+03  -3.1308648e-02
   1.1420000e+03  -4.2824332e-03
   1.1430000e+03   3.5984287e-02
   1.1440000e+03   4.2393333e-02
   1.1450000e+03   6.6297026e-04
   1.1460000e+03  -7.0798100e-03
   1.1470000e+03   1.0742711e-02
   1.1480000e+03   2.2827133e-02
   1.1490000e+03   4.3252779e-02
   1.1500000e+03   1.3247736e-02
   1.1510000e+03  -2.2289715e-02
   1.1520000e+03  -7.6431342e-03
   1.1530000e+03   3.5747814e-02
   1.1540000e+03   4.6906555e-02
   1.1550000e+03   6.5047329e-02
   1.1560000e+03   7.2995278e-02
   1.1570000e+03   7.7327671e-02
   1.1580000e+03   8.1502557e-02
   1.1590000e+03   9.0851790e-02
   1.1600000e+03   8.6429129e-02
   1.1610000e+03   6.0418330e-02
   1.1620000e+03   9.4661536e-02
   1.1630000e+03   7.0810470e-02
   1.1640000e+03   3.6173123e-02
   1.1650000e+03   3.0896292e-02
   1.1660000e+03  -1.9831331e-02
   1.1670000e+03  -6.0309635e-02
   1.1680000e+03  -1.1667314e-01
   1.1690000e+03  -1.6309467e-01
   1.1700000e+03  -2.4732034e-01
   1.1710000e+03  -3.1623230e-01
   1.1720000e+03  -3.4661908e-01
   1.1730000e+03  -3.4409090e-01
   1.1740000e+03  -3.8081064e-01
   1.1750000e+03  -4.0558687e-01
   1.1760000e+03  -3.6980338e-01
   1.1770000e+03  -3.1473838e-01
   1.1780000e+03  -2.7507347e-01
   1.1790000e+03  -2.4473289e-01
   1.1800000e+03  -1.8133354e-01
   1.1810000e+03  -4.9297416e-02
   1.1820000e+03   5.4006080e-02
   1.1830000e+03   1.6168391e-01
   1.1840000e+03   2.7894807e-01
   1.1850000e+03   3.8493232e-01
   1.1860000e+03   4.2903068e-01
   1.1870000e+03   3.7091353e-01
   1.1880000e+03   3.2215135e-01
   1.1890000e+03   3.0206635e-01
   1.1900000e+03   2.6316290e-01
   1.1910000e+03   2.2983355e-01
   1.1920000e+03   1.7371185e-01
   1.1930000e+03   1.7413806e-01
   1.1940000e+03   1.9896485e-01
   1.1950000e+03   1.1996834e-01
   1.1960000e+03   5.5902529e-02
   1.1970000e+03   1.0059278e-03
   1.1980000e+03  -9.8165985e-02
   1.1990000e+03  -9.5608718e-02
   1.2000000e+03  -9.2994956e-02
   1.2010000e+03  -1.1493603e-01
   1.2020000e+03  -1.2048180e-01
   1.2030000e+03  -1.8708812e-01
   1.2040000e+03  -2.6111325e-01
   1.2050000e+03  -2.9002960e-01
   1.2060000e+03  -2.6147068e-01
   1.2070000e+03  -3.0928047e-01
   1.2080000e+03  -4.0263835e-01
   1.2090000e+03  -4.4608301e-01
   1.2100000e+03  -4.6785540e-01
   1.2110000e+03  -4.8452010e-01
   1.2120000e+03  -4.9915256e-01
   1.2130000e+03  -5.4129807e-01
   1.2140000e+03  -6.3259531e-01
   1.2150000e+03  -6.9920403e-01
   1.2160000e+03  -7.6679592e-01
   1.2170000e+03  -7.7654573e-01
   1.2180000e+03  -8.0836067e-01
   1.2190000e+03  -8.9487762e-01
   1.2200000e+03  -9.6799272e-01
   1.2210000e+03  -1.0416429e+00
   1.2220000e+03  -1.1598072e+00
   1.2230000e+03  -1.2526634e+00
   1.2240000e+03  -1.2824927e+00
   1.2250000e+03  -1.2877024e+00
   1.2260000e+03  -1.3409909e+00
   1.2270000e+03  -1.3567615e+00
   1.2280000e+03  -1.2216029e+00
   1.2290000e+03  -1.0017490e+00
   1.2300000e+03  -8.1771859e-01
   1.2310000e+03  -6.4790578e-01
   1.2320000e+03  -3.5987469e-01
   1.2330000e+03  -6.6224889e-02
   1.2340000e+03   1.1160172e-01
   1.2350000e+03   2.7200946e-01
   1.2360000e+03   3.5742255e-01
   1.2370000e+03   3.4590410e-01
   1.2380000e+03   2.8412600e-01
   1.2390000e+03   2.0097674e-01
   1.2400000e+03   1.6947073e-03
   1.2410000e+03  -2.4123166e-01
   1.2420000e+03  -5.2960134e-01
   1.2430000e+03  -8.4990823e-01
   1.2440000e+03  -1.1055630e+00
   1.2450000e+03  -1.4145880e+00
   1.2460000e+03  -1.6740664e+00
   1.2470000e+03  -1.8764629e+00
   1.2480000e+03  -1.9453658e+00
   1.2490000e+03  -1.9995455e+00
   1.2500000e+03  -2.0660065e+00
   1.2510000e+03  -2.1367138e+00
   1.2520000e+03  -2.1073172e+00
   1.2530000e+03  -1.9762091e+00
   1.2540000e+03  -1.8694650e+00
   1.2550000e+03  -1.7097328e+00
   1.2560000e+03  -1.5760711e+00
   1.2570000e+03  -1.4170545e+00
   1.2580000e+03  -1.1764594e+00
   1.2590000e+03  -1.0866892e+00
   1.2600000e+03  -1.0466676e+00
   1.2610000e+03  -8.6814394e-01
   1.2620000e+03  -6.4816039e-01
   1.2630000e+03  -5.4540442e-01
   1.2640000e+03  -4.6751187e-01
   1.2650000e+03  -3.2467141e-01
   1.2660000e+03  -1.9374396e-01
   1.2670000e+03  -6.4253407e-02
   1.2680000e+03   5.2479788e-02
   1.2690000e+03   1.0872442e-01
   1.2700000e+03   1.5660503e-01
   1.2710000e+03   1.0143896e-01
   1.2720000e+03   1.0082865e-01
   1.2730000e+03   1.5609359e-01
   1.2740000e+03   1.5110094e-01
   1.2750000e+03   5.1135079e-02
   1.2760000e+03  -2.5601209e-02
   1.2770000e+03  -9.5702721e-02
   1.2780000e+03  -2.1480735e-01
   1.2790000e+03  -3.2147780e-01
   1.2800000e+03  -4.5012679e-01
   1.2810000e+03  -4.9225206e-01
   1.2820000e+03  -5.4133607e-01
   1.2830000e+03  -5.9025623e-01
   1.2840000e+03  -7.0039025e-01
   1.2850000e+03  -7.6708177e-01
   1.2860000e+03  -8.3279305e-01
   1.2870000e+03  -9.2439747e-01
   1.2880000e+03  -9.6199479e-01
   1.2890000e+03  -9.9006848e-01
   1.2900000e+03  -1.0630562e+00
   1.2910000e+03  -1.1842253e+00
   1.2920000e+03  -1.2578465e+00
   1.2930000e+03  -1.2821772e+00
   1.2940000e+03  -1.3448106e+00
   1.2950000e+03  -1.5083791e+00
   1.2960000e+03  -1.5581505e+00
   1.2970000e+03  -1.5938793e+00
   1.2980000e+03  -1.6008371e+00
   1.2990000e+03  -1.6270087e+00
   1.3000000e+03  -1.6763625e+00
   1.3010000e+03  -1.7168120e+00
   1.3020000e+03  -1.7610996e+00
   1.3030000e+03  -1.7643915e+00
   1.3040000e+03  -1.7866555e+00
   1.3050000e+03  -1.8405563e+00
   1.3060000e+03  -1.8420946e+00
   1.3070000e+03  -1.7846839e+00
   1.3080000e+03  -1.7184449e+00
   1.3090000e+03  -1.6669622e+00
   1.3100000e+03  -1.6535406e+00
   1.3110000e+03  -1.5905354e+00
   1.3120000e+03  -1.4703899e+00
   1.3130000e+03  -1.3655957e+00
   1.3140000e+03  -1.2790926e+00
   1.3150000e+03  -1.2002819e+00
   1.3160000e+03  -1.2058301e+00
   1.3170000e+03  -1.1479079e+00
   1.3180000e+03  -1.1067809e+00
   1.3190000e+03  -1.1301497e+00
   1.3200000e+03  -1.1800383e+00
   1.3210000e+03  -1.2414696e+00
   1.3220000e+03  -1.3915354e+00
   1.3230000e+03  -1.5511385e+00
   1.3240000e+03  -1.7521527e+00
   1.3250000e+03  -2.0185499e+00
   1.3260000e+03  -2.4075864e+00
   1.3270000e+03  -2.9126467e+00
   1.3280000e+03  -3.4571969e+00
   1.3290000e+03  -4.0711538e+00
   1.3300000e+03  -4.8409771e+00
   1.3310000e+03  -5.6747042e+00
   1.3320000e+03  -6.4372445e+00
   1.3330000e+03  -7.1825968e+00
   1.3340000e+03  -7.9052135e+00
   1.3350000e+03  -8.4546066e+00
   1.3360000e+03  -8.7821622e+00
   1.3370000e+03  -8.8980362e+00
   1.3380000e+03  -8.7931363e+00
   1.3390000e+03  -8.5136003e+00
   1.3400000e+03  -7.8886529e+00
   1.3410000e+03  -7.0584640e+00
   1.3420000e+03  -6.1185632e+00
   1.3430000e+03  -5.0587330e+00
   1.3440000e+03  -3.9337188e+00
   1.3450000e+03  -2.8745829e+00
   1.3460000e+03  -1.9692536e+00
   1.3470000e+03  -1.1476203e+00
   1.3480000e+03  -5.2004471e-01
   1.3490000e+03  -1.0778003e-01
   1.3500000e+03   1.8685765e-01
   1.3510000e+03   3.1628335e-01
   1.3520000e+03   3.4878037e-01
   1.3530000e+03   3.3856231e-01
   1.3540000e+03   3.2381541e-01
   1.3550000e+03   3.0429555e-01
   1.3560000e+03   1.5033700e-01
   1.3570000e+03   3.6189517e-02
   1.3580000e+03  -3.1929068e-02
   1.3590000e+03  -9.0695565e-02
   1.3600000e+03  -2.2355209e-01
   1.3610000e+03  -2.9971291e-01
   1.3620000e+03  -3.4558324e-01
   1.3630000e+03  -4.0036724e-01
   1.3640000e+03  -5.1036405e-01
   1.3650000e+03  -6.5978595e-01
   1.3660000e+03  -7.0752341e-01
   1.3670000e+03  -6.9501628e-01
   1.3680000e+03  -7.1138712e-01
   1.3690000e+03  -7.9219510e-01
   1.3700000e+03  -8.2704880e-01
   1.3710000e+03  -8.2522439e-01
   1.3720000e+03  -8.6940154e-01
   1.3730000e+03  -8.6091259e-01
   1.3740000e+03  -7.2781371e-01
   1.3750000e+03  -6.3876353e-01
   1.3760000e+03  -6.1038094e-01
   1.3770000e+03  -5.8768838e-01
   1.3780000e+03  -6.6094735e-01
   1.3790000e+03  -6.6342781e-01
   1.3800000e+03  -5.8406956e-01
   1.3810000e+03  -5.8864226e-01
   1.3820000e+03  -5.6704908e-01
   1.3830000e+03  -6.8068909e-01
   1.3840000e+03  -7.8852649e-01
   1.3850000e+03  -8.2107400e-01
   1.3860000e+03  -8.6399914e-01
   1.3870000e+03  -9.1654214e-01
   1.3880000e+03  -9.3947957e-01
   1.3890000e+03  -1.0043011e+00
   1.3900000e+03  -1.0018963e+00
   1.3910000e+03  -9.9779694e-01
   1.3920000e+03  -9.7472215e-01
   1.3930000e+03  -9.6040205e-01
   1.3940000e+03  -1.0267614e+00
   1.3950000e+03  -1.0196518e+00
   1.3960000e+03  -9.9964631e-01
   1.3970000e+03  -1.0255555e+00
   1.3980000e+03  -1.0441547e+00
   1.3990000e+03  -1.0734699e+00
   1.4000000e+03  -1.1034165e+00
   1.4010000e+03  -1.1751430e+00
   1.4020000e+03  -1.2188530e+00
   1.4030000e+03  -1.2413727e+00
   1.4040000e+03  -1.2696532e+00
   1.4050000e+03  -1.2877737e+00
   1.4060000e+03  -1.3107308e+00
   1.4070000e+03  -1.3114210e+00
   1.4080000e+03  -1.3026484e+00
   1.4090000e+03  -1.2352973e+00
   1.4100000e+03  -1.1697771e+00
   1.4110000e+03  -1.2072458e+00
   1.4120000e+03  -1.2038976e+00
   1.4130000e+03  -1.2395717e+00
   1.4140000e+03  -1.2614268e+00
   1.4150000e+03  -1.2780996e+00
   1.4160000e+03  -1.3533550e+00
   1.4170000e+03  -1.4866819e+00
   1.4180000e+03  -1.5666076e+00
   1.4190000e+03  -1.6978089e+00
   1.4200000e+03  -1.8346697e+00
   1.4210000e+03  -1.9009888e+00
   1.4220000e+03  -1.9561697e+00
   1.4230000e+03  -1.9608796e+00
   1.4240000e+03  -1.9392762e+00
   1.4250000e+03  -1.9535347e+00
   1.4260000e+03  -1.8831005e+00
   1.4270000e+03  -1.7256684e+00
   1.4280000e+03  -1.5277170e+00
   1.4290000e+03  -1.3798932e+00
   1.4300000e+03  -1.2289925e+00
   1.4310000e+03  -1.0378381e+00
   1.4320000e+03  -8.4103129e-01
   1.4330000e+03  -6.4067075e-01
   1.4340000e+03  -4.6964071e-01
   1.4350000e+03  -3.3558801e-01
   1.4360000e+03  -2.0242178e-01
   1.4370000e+03  -8.5936499e-02
   1.4380000e+03   8.1229416e-02
   1.4390000e+03   2.3709955e-01
   1.4400000e+03   3.3991235e-01
   1.4410000e+03   4.2800473e-01
   1.4420000e+03   5.5310320e-01
   1.4430000e+03   6.7742015e-01
   1.4440000e+03   7.8057657e-01
   1.4450000e+03   8.2906874e-01
   1.4460000e+03   8.2374359e-01
   1.4470000e+03   8.0265046e-01
   1.4480000e+03   7.7026904e-01
   1.4490000e+03   7.5238971e-01
   1.4500000e+03   6.5491977e-01
   1.4510000e+03   4.8298401e-01
   1.4520000e+03   3.6892200e-01
   1.4530000e+03   2.5557655e-01
   1.4540000e+03   1.1055945e-01
   1.4550000e+03  -4.6300886e-02
   1.4560000e+03  -1.3330852e-01
   1.4570000e+03  -1.9338045e-01
   1.4580000e+03  -3.8664035e-01
   1.4590000e+03  -5.9498265e-01
   1.4600000e+03  -6.6815536e-01
   1.4610000e+03  -7.4167279e-01
   1.4620000e+03  -8.6593687e-01
   1.4630000e+03  -9.9967219e-01
   1.4640000e+03  -1.1400546e+00
   1.4650000e+03  -1.2642546e+00
   1.4660000e+03  -1.3920285e+00
   1.4670000e+03  -1.5740189e+00
   1.4680000e+03  -1.7549357e+00
   1.4690000e+03  -1.9830111e+00
   1.4700000e+03  -2.1806745e+00
   1.4710000e+03  -2.3287124e+00
   1.4720000e+03  -2.5662561e+00
   1.4730000e+03  -2.8797567e+00
   1.4740000e+03  -3.1644269e+00
   1.4750000e+03  -3.4191143e+00
   1.4760000e+03  -3.6323718e+00
   1.4770000e+03  -3.7793624e+00
   1.4780000e+03  -3.8513639e+00
   1.4790000e+03  -3.9057967e+00
   1.4800000e+03  -3.8683255e+00
   1.4810000e+03  -3.8297960e+00
   1.4820000e+03  -3.7471673e+00
   1.4830000e+03  -3.5426023e+00
   1.4840000e+03  -3.2913461e+00
   1.4850000e+03  -3.0485836e+00
   1.4860000e+03  -2.7351813e+00
   1.4870000e+03  -2.3996052e+00
   1.4880000e+03  -2.0972189e+00
   1.4890000e+03  -1.7920829e+00
   1.4900000e+03  -1.5168510e+00
   1.4910000e+03  -1.3102289e+00
   1.4920000e+03  -1.1119362e+00
   1.4930000e+03  -9.3631029e-01
   1.4940000e+03  -8.0807675e-01
   1.4950000e+03  -6.9804985e-01
   1.4960000e+03  -6.6370144e-01
   1.4970000e+03  -6.4126933e-01
   1.4980000e+03  -6.1649142e-01
   1.4990000e+03  -5.8315131e-01
   1.5000000e+03  -5.7164554e-01
   1.5010000e+03  -5.7995185e-01
   1.5020000e+03  -6.1793135e-01
   1.5030000e+03  -6.0996282e-01
   1.5040000e+03  -5.6247789e-01
   1.5050000e+03  -5.8370149e-01
   1.5060000e+03  -6.3617320e-01
   1.5070000e+03  -6.2753394e-01
   1.5080000e+03  -5.8036114e-01
   1.5090000e+03  -5.5145290e-01
   1.5100000e+03  -5.2326835e-01
   1.5110000e+03  -5.1097915e-01
   1.5120000e+03  -4.5394514e-01
   1.5130000e+03  -3.5285038e-01
   1.5140000e+03  -3.4483044e-01
   1.5150000e+03  -3.6553148e-01
   1.5160000e+03  -3.0192982e-01
   1.5170000e+03  -2.4029398e-01
   1.5180000e+03  -2.2440243e-01
   1.5190000e+03  -2.7684012e-01
   1.5200000e+03  -1.9851987e-01
   1.5210000e+03  -8.2348851e-02
   1.5220000e+03  -1.1638812e-01
   1.5230000e+03  -9.5060692e-02
   1.5240000e+03  -1.0558548e-01
   1.5250000e+03  -1.1973862e-01
   1.5260000e+03  -4.4509230e-02
   1.5270000e+03   1.4180838e-02
   1.5280000e+03   6.3502474e-02
   1.5290000e+03   7.3610098e-02
   1.5300000e+03   5.6530221e-02
   1.5310000e+03  -9.0477626e-05
   1.5320000e+03   5.2206383e-04
   1.5330000e+03   1.5745769e-02
   1.5340000e+03   8.2530110e-03
   1.5350000e+03  -2.6139561e-02
   1.5360000e+03   1.2744085e-02
   1.5370000e+03   3.8629718e-02
   1.5380000e+03   1.1059980e-02
   1.5390000e+03   7.9310156e-03
   1.5400000e+03  -2.9548840e-02
   1.5410000e+03  -6.9429613e-02
   1.5420000e+03  -7.8959964e-02
   1.5430000e+03  -1.7037314e-02
   1.5440000e+03   2.6574969e-02
   1.5450000e+03   1.9760463e-02
   1.5460000e+03  -1.0419530e-02
   1.5470000e+03  -8.3976618e-03
   1.5480000e+03  -2.1444763e-02
   1.5490000e+03  -3.5445997e-02
   1.5500000e+03   6.4084372e-03
   1.5510000e+03   6.6563649e-03
   1.5520000e+03  -3.9955806e-02
   1.5530000e+03  -4.1635305e-02
   1.5540000e+03  -2.4290441e-02
   1.5550000e+03  -5.5874008e-03
   1.5560000e+03  -4.0525136e-03
   1.5570000e+03  -7.8867187e-02
   1.5580000e+03  -7.7596574e-02
   1.5590000e+03  -1.1044242e-01
   1.5600000e+03  -1.3544994e-01
   1.5610000e+03  -1.9447844e-01
   1.5620000e+03  -2.6116749e-01
   1.5630000e+03  -3.0002052e-01
   1.5640000e+03  -4.2536752e-01
   1.5650000e+03  -5.6297154e-01
   1.5660000e+03  -5.6504779e-01
   1.5670000e+03  -4.6443846e-01
   1.5680000e+03  -5.2285764e-01
   1.5690000e+03  -5.7920682e-01
   1.5700000e+03  -5.4221445e-01
   1.5710000e+03  -4.8159844e-01
   1.5720000e+03  -4.1812054e-01
   1.5730000e+03  -3.5579796e-01
   1.5740000e+03  -3.6617091e-01
   1.5750000e+03  -3.8471828e-01
   1.5760000e+03  -3.1993267e-01
   1.5770000e+03  -2.0786749e-01
   1.5780000e+03  -1.8051347e-01
   1.5790000e+03  -1.5172289e-01
   1.5800000e+03  -2.1146679e-01
   1.5810000e+03  -2.9794502e-01
   1.5820000e+03  -2.9711119e-01
   1.5830000e+03  -2.1121429e-01
   1.5840000e+03  -1.5550155e-01
   1.5850000e+03  -2.5103366e-01
   1.5860000e+03  -2.5663061e-01
   1.5870000e+03  -2.4344378e-01
   1.5880000e+03  -2.6476720e-01
   1.5890000e+03  -2.5266079e-01
   1.5900000e+03  -2.7710435e-01
   1.5910000e+03  -2.6170724e-01
   1.5920000e+03  -2.2850682e-01
   1.5930000e+03  -1.9788180e-01
   1.5940000e+03  -7.4969531e-02
   1.5950000e+03   1.2369954e-02
   1.5960000e+03   7.9332043e-02
   1.5970000e+03   9.0384278e-02
   1.5980000e+03   1.9438583e-01
   1.5990000e+03   4.1927084e-01
   1.6000000e+03   6.5008253e-01
   1.6010000e+03   9.5619999e-01
   1.6020000e+03   1.2971536e+00
   1.6030000e+03   1.6596801e+00
   1.6040000e+03   2.0574683e+00
   1.6050000e+03   2.4966563e+00
   1.6060000e+03   2.9677178e+00
   1.6070000e+03   3.3653005e+00
   1.6080000e+03   3.7277973e+00
   1.6090000e+03   3.9454933e+00
   1.6100000e+03   4.0740048e+00
   1.6110000e+03   4.1054658e+00
   1.6120000e+03   3.9956448e+00
   1.6130000e+03   3.7670796e+00
   1.6140000e+03   3.4854542e+00
   1.6150000e+03   3.1449483e+00
   1.6160000e+03   2.6141173e+00
   1.6170000e+03   2.0532789e+00
   1.6180000e+03   1.4490720e+00
   1.6190000e+03   8.7816423e-01
   1.6200000e+03   3.2889533e-01
   1.6210000e+03  -3.0223452e-01
   1.6220000e+03  -8.3102203e-01
   1.6230000e+03  -1.2504573e+00
   1.6240000e+03  -1.6125110e+00
   1.6250000e+03  -1.9594140e+00
   1.6260000e+03  -2.1868490e+00
   1.6270000e+03  -2.3996035e+00
   1.6280000e+03  -2.6182021e+00
   1.6290000e+03  -2.7515297e+00
   1.6300000e+03  -2.8146165e+00
   1.6310000e+03  -2.7687100e+00
   1.6320000e+03  -2.6987199e+00
   1.6330000e+03  -2.5770192e+00
   1.6340000e+03  -2.3724434e+00
   1.6350000e+03  -2.1604038e+00
   1.6360000e+03  -2.0299355e+00
   1.6370000e+03  -1.9017957e+00
   1.6380000e+03  -1.6155010e+00
   1.6390000e+03  -1.4667063e+00
   1.6400000e+03  -1.3020230e+00
   1.6410000e+03  -1.1001465e+00
   1.6420000e+03  -1.0158945e+00
   1.6430000e+03  -8.5097343e-01
   1.6440000e+03  -7.2575730e-01
   1.6450000e+03  -6.6022975e-01
   1.6460000e+03  -5.8280966e-01
   1.6470000e+03  -4.5868899e-01
   1.6480000e+03  -3.9173493e-01
   1.6490000e+03  -3.9905410e-01
   1.6500000e+03  -3.0978306e-01
   1.6510000e+03  -1.4929236e-01
   1.6520000e+03  -9.3610317e-02
   1.6530000e+03  -8.4154353e-02
   1.6540000e+03  -1.1803145e-02
   1.6550000e+03   7.7244746e-02
   1.6560000e+03   6.9470620e-02
   1.6570000e+03   1.8707420e-01
   1.6580000e+03   2.6619181e-01
   1.6590000e+03   2.4993248e-01
   1.6600000e+03   2.2604663e-01
   1.6610000e+03   2.6202933e-01
   1.6620000e+03   3.2762016e-01
   1.6630000e+03   2.6332171e-01
   1.6640000e+03   2.0574015e-01
   1.6650000e+03   1.6170127e-01
   1.6660000e+03   1.4103158e-01
   1.6670000e+03   1.3827398e-01
   1.6680000e+03   1.6271212e-01
   1.6690000e+03   1.6850337e-01
   1.6700000e+03   1.1495577e-01
   1.6710000e+03   3.7235175e-02
   1.6720000e+03  -6.4391702e-02
   1.6730000e+03  -9.9321563e-02
   1.6740000e+03  -1.1616198e-01
   1.6750000e+03  -1.7549141e-01
   1.6760000e+03  -1.8488188e-01
   1.6770000e+03  -2.7524378e-01
   1.6780000e+03  -3.7073092e-01
   1.6790000e+03  -5.0616172e-01
   1.6800000e+03  -6.0320519e-01
   1.6810000e+03  -6.6932919e-01
   1.6820000e+03  -7.5474169e-01
   1.6830000e+03  -7.4403759e-01
   1.6840000e+03  -7.1985771e-01
   1.6850000e+03  -7.6472364e-01
   1.6860000e+03  -8.7622941e-01
   1.6870000e+03  -8.7034807e-01
   1.6880000e+03  -7.6384865e-01
   1.6890000e+03  -6.9279800e-01
   1.6900000e+03  -6.6860302e-01
   1.6910000e+03  -7.1321281e-01
   1.6920000e+03  -7.2733756e-01
   1.6930000e+03  -6.8438233e-01
   1.6940000e+03  -6.0739586e-01
   1.6950000e+03  -5.8130443e-01
   1.6960000e+03  -6.9194211e-01
   1.6970000e+03  -7.1653787e-01
   1.6980000e+03  -7.1425976e-01
   1.6990000e+03  -7.2153185e-01
   1.7000000e+03  -7.1796902e-01
   1.7010000e+03  -7.0866170e-01
   1.7020000e+03  -7.5323149e-01
   1.7030000e+03  -7.9846215e-01
   1.7040000e+03  -8.5228146e-01
   1.7050000e+03  -8.6651060e-01
   1.7060000e+03  -8.1233074e-01
   1.7070000e+03  -7.5543719e-01
   1.7080000e+03  -7.1158030e-01
   1.7090000e+03  -6.9648345e-01
   1.7100000e+03  -6.7157309e-01
   1.7110000e+03  -6.6876367e-01
   1.7120000e+03  -6.7462314e-01
   1.7130000e+03  -6.5836879e-01
   1.7140000e+03  -6.5191693e-01
   1.7150000e+03  -6.7042074e-01
   1.7160000e+03  -6.6076971e-01
   1.7170000e+03  -6.5414644e-01
   1.7180000e+03  -6.2364928e-01
   1.7190000e+03  -5.4325622e-01
   1.7200000e+03  -5.2889486e-01
   1.7210000e+03  -5.1549329e-01
   1.7220000e+03  -4.8402232e-01
   1.7230000e+03  -3.9038071e-01
   1.7240000e+03  -3.1465961e-01
   1.7250000e+03  -3.0349038e-01
   1.7260000e+03  -3.1100168e-01
   1.7270000e+03  -2.8019216e-01
   1.7280000e+03  -2.4829895e-01
   1.7290000e+03  -2.6999037e-01
   1.7300000e+03  -2.8038481e-01
   1.7310000e+03  -2.4153407e-01
   1.7320000e+03  -2.6310804e-01
   1.7330000e+03  -2.6729506e-01
   1.7340000e+03  -2.3533035e-01
   1.7350000e+03  -2.2948267e-01
   1.7360000e+03  -2.5180817e-01
   1.7370000e+03  -2.5938343e-01
   1.7380000e+03  -2.2755870e-01
   1.7390000e+03  -2.3835303e-01
   1.7400000e+03  -2.4527913e-01
   1.7410000e+03  -2.8135124e-01
   1.7420000e+03  -2.5688759e-01
   1.7430000e+03  -2.4971025e-01
   1.7440000e+03  -1.9357817e-01
   1.7450000e+03  -1.6366080e-01
   1.7460000e+03  -1.6110480e-01
   1.7470000e+03  -1.7677385e-01
   1.7480000e+03  -1.9679505e-01
   1.7490000e+03  -1.8481145e-01
   1.7500000e+03  -1.9781317e-01
   1.7510000e+03  -1.9878173e-01
   1.7520000e+03  -1.2927107e-01
   1.7530000e+03  -1.3537224e-01
   1.7540000e+03  -1.6161148e-01
   1.7550000e+03  -1.6060275e-01
   1.7560000e+03  -1.1280594e-01
   1.7570000e+03  -7.7317237e-02
   1.7580000e+03  -1.3452448e-01
   1.7590000e+03  -2.0523248e-01
   1.7600000e+03  -1.7181326e-01
   1.7610000e+03  -1.3697586e-01
   1.7620000e+03  -1.2446748e-01
   1.7630000e+03  -8.4857711e-02
   1.7640000e+03  -7.6548725e-02
   1.7650000e+03  -1.2936051e-01
   1.7660000e+03  -1.5679616e-01
   1.7670000e+03  -1.8548115e-01
   1.7680000e+03  -1.7198077e-01
   1.7690000e+03  -1.3493108e-01
   1.7700000e+03  -1.3893290e-01
   1.7710000e+03  -1.2766461e-01
   1.7720000e+03  -9.8135849e-02
   1.7730000e+03  -8.5194287e-02
   1.7740000e+03  -1.1549621e-01
   1.7750000e+03  -1.0854747e-01
   1.7760000e+03  -8.8947306e-02
   1.7770000e+03  -7.5537247e-02
   1.7780000e+03  -1.2668748e-01
   1.7790000e+03  -1.5175236e-01
   1.7800000e+03  -1.4775423e-01
   1.7810000e+03  -1.1208597e-01
   1.7820000e+03  -7.8974885e-02
   1.7830000e+03  -9.3104377e-02
   1.7840000e+03  -1.1976883e-01
   1.7850000e+03  -1.2284592e-01
   1.7860000e+03  -6.9926355e-02
   1.7870000e+03  -5.9825330e-02
   1.7880000e+03  -6.0861155e-02
   1.7890000e+03  -2.1859426e-02
   1.7900000e+03   6.6281423e-03
   1.7910000e+03  -5.6461989e-02
   1.7920000e+03  -8.8225877e-02
   1.7930000e+03  -2.4370764e-02
   1.7940000e+03  -3.6092599e-02
   1.7950000e+03  -3.2189664e-02
   1.7960000e+03   2.7183290e-02
   1.7970000e+03  -2.6046041e-03
   1.7980000e+03  -5.0368207e-02
   1.7990000e+03  -4.5835919e-02
