   5.0100000e+02   7.8559860e-02
   5.0200000e+02   6.9606487e-02
   5.0300000e+02   8.0850065e-02
   5.0400000e+02   7.9608294e-02
   5.0500000e+02   7.3955557e-02
   5.0600000e+02   5.3159755e-02
   5.0700000e+02   5.2290321e-02
   5.0800000e+02   5.4068443e-02
   5.0900000e+02   5.8261920e-02
   5.1000000e+02   7.1970010e-02
   5.1100000e+02   8.0363457e-02
   5.1200000e+02   8.7004024e-02
   5.1300000e+02   8.8210264e-02
   5.1400000e+02   9.9009334e-02
   5.1500000e+02   8.9410187e-02
   5.1600000e+02   7.5776920e-02
   5.1700000e+02   6.7931164e-02
   5.1800000e+02   7.3706868e-02
   5.1900000e+02   6.7337599e-02
   5.2000000e+02   5.7771012e-02
   5.2100000e+02   3.8924097e-02
   5.2200000e+02   5.4454314e-03
   5.2300000e+02  -1.5286226e-02
   5.2400000e+02  -2.5213972e-02
   5.2500000e+02  -2.7103881e-02
   5.2600000e+02  -2.4921655e-02
   5.2700000e+02  -4.4165550e-02
   5.2800000e+02  -4.5838872e-02
   5.2900000e+02  -4.4016225e-02
   5.3000000e+02  -4.0628022e-02
   5.3100000e+02  -4.1253293e-02
   5.3200000e+02  -2.2108924e-02
   5.3300000e+02  -3.9958884e-03
   5.3400000e+02   3.6345303e-03
   5.3500000e+02   2.1041960e-02
   5.3600000e+02   3.1321958e-02
   5.3700000e+02   3.3652572e-02
   5.3800000e+02   4.6065551e-02
   5.3900000e+02   6.0888052e-02
   5.4000000e+02   7.4186237e-02
   5.4100000e+02   8.6546683e-02
   5.4200000e+02   9.7325843e-02
   5.4300000e+02   1.0157095e-01
   5.4400000e+02   1.2399313e-01
   5.4500000e+02   1.4177342e-01
   5.4600000e+02   1.5097850e-01
   5.4700000e+02   1.7134476e-01
   5.4800000e+02   1.9159663e-01
   5.4900000e+02   2.0929585e-01
   5.5000000e+02   2.2645553e-01
   5.5100000e+02   2.3699052e-01
   5.5200000e+02   2.5334029e-01
   5.5300000e+02   2.5565946e-01
   5.5400000e+02   2.4583513e-01
   5.5500000e+02   2.3006370e-01
   5.5600000e+02   2.4577138e-01
   5.5700000e+02   2.5565153e-01
   5.5800000e+02   2.6076119e-01
   5.5900000e+02   2.5456761e-01
   5.6000000e+02   2.4301401e-01
   5.6100000e+02   2.2510509e-01
   5.6200000e+02   2.0755790e-01
   5.6300000e+02   2.0464838e-01
   5.6400000e+02   2.0878881e-01
   5.6500000e+02   2.2721642e-01
   5.6600000e+02   2.4521637e-01
   5.6700000e+02   2.5991668e-01
   5.6800000e+02   2.6694575e-01
   5.6900000e+02   2.7025607e-01
   5.7000000e+02   2.7728003e-01
   5.7100000e+02   2.8674312e-01
   5.7200000e+02   2.9418390e-01
   5.7300000e+02   3.1339008e-01
   5.7400000e+02   3.4544425e-01
   5.7500000e+02   3.7656034e-01
   5.7600000e+02   4.0193787e-01
   5.7700000e+02   3.9397346e-01
   5.7800000e+02   3.9328084e-01
   5.7900000e+02   4.0641108e-01
   5.8000000e+02   4.4237855e-01
   5.8100000e+02   4.7187643e-01
   5.8200000e+02   4.9796248e-01
   5.8300000e+02   5.3045589e-01
   5.8400000e+02   5.7314284e-01
   5.8500000e+02   6.2907111e-01
   5.8600000e+02   7.0082284e-01
   5.8700000e+02   7.9606564e-01
   5.8800000e+02   9.1107810e-01
   5.8900000e+02   1.0337104e+00
   5.9000000e+02   1.1987409e+00
   5.9100000e+02   1.3862838e+00
   5.9200000e+02   1.5953368e+00
   5.9300000e+02   1.8778079e+00
   5.9400000e+02   2.1920116e+00
   5.9500000e+02   2.5435695e+00
   5.9600000e+02   2.9804173e+00
   5.9700000e+02   3.5032583e+00
   5.9800000e+02   4.0929336e+00
   5.9900000e+02   4.8048167e+00
   6.0000000e+02   5.6119938e+00
   6.0100000e+02   6.4719930e+00
   6.0200000e+02   7.3743161e+00
   6.0300000e+02   8.2338389e+00
   6.0400000e+02   9.0210580e+00
   6.0500000e+02   9.6438471e+00
   6.0600000e+02   9.9411027e+00
   6.0700000e+02   1.0000000e+01
   6.0800000e+02   9.7334613e+00
   6.0900000e+02   9.1141306e+00
   6.1000000e+02   8.3402341e+00
   6.1100000e+02   7.4064809e+00
   6.1200000e+02   6.4087629e+00
   6.1300000e+02   5.4552247e+00
   6.1400000e+02   4.5571771e+00
   6.1500000e+02   3.8028961e+00
   6.1600000e+02   3.1444878e+00
   6.1700000e+02   2.5826398e+00
   6.1800000e+02   2.1967219e+00
   6.1900000e+02   1.8609437e+00
   6.2000000e+02   1.5858609e+00
   6.2100000e+02   1.4266630e+00
   6.2200000e+02   1.3107310e+00
   6.2300000e+02   1.2419066e+00
   6.2400000e+02   1.2087670e+00
   6.2500000e+02   1.2011354e+00
   6.2600000e+02   1.2139498e+00
   6.2700000e+02   1.2548772e+00
   6.2800000e+02   1.3073485e+00
   6.2900000e+02   1.3727071e+00
   6.3000000e+02   1.4743483e+00
   6.3100000e+02   1.5907530e+00
   6.3200000e+02   1.7236699e+00
   6.3300000e+02   1.8828959e+00
   6.3400000e+02   2.0498036e+00
   6.3500000e+02   2.2065889e+00
   6.3600000e+02   2.3743236e+00
   6.3700000e+02   2.5438859e+00
   6.3800000e+02   2.6851600e+00
   6.3900000e+02   2.7833499e+00
   6.4000000e+02   2.8235507e+00
   6.4100000e+02   2.8081658e+00
   6.4200000e+02   2.7234494e+00
   6.4300000e+02   2.5651678e+00
   6.4400000e+02   2.3842840e+00
   6.4500000e+02   2.1827313e+00
   6.4600000e+02   1.9775378e+00
   6.4700000e+02   1.7769997e+00
   6.4800000e+02   1.5855551e+00
   6.4900000e+02   1.4207167e+00
   6.5000000e+02   1.2700330e+00
   6.5100000e+02   1.1496704e+00
   6.5200000e+02   1.0613363e+00
   6.5300000e+02   9.9604802e-01
   6.5400000e+02   9.4593451e-01
   6.5500000e+02   9.0251691e-01
   6.5600000e+02   8.7463964e-01
   6.5700000e+02   8.3402536e-01
   6.5800000e+02   7.9335821e-01
   6.5900000e+02   7.6679674e-01
   6.6000000e+02   7.3311549e-01
   6.6100000e+02   6.7810298e-01
   6.6200000e+02   6.2536145e-01
   6.6300000e+02   5.8080007e-01
   6.6400000e+02   5.3565196e-01
   6.6500000e+02   4.9266358e-01
   6.6600000e+02   4.5383045e-01
   6.6700000e+02   4.2329718e-01
   6.6800000e+02   3.9294479e-01
   6.6900000e+02   3.6365829e-01
   6.7000000e+02   3.3994214e-01
   6.7100000e+02   3.0913983e-01
   6.7200000e+02   2.8698083e-01
   6.7300000e+02   2.7587761e-01
   6.7400000e+02   2.5206848e-01
   6.7500000e+02   2.2527770e-01
   6.7600000e+02   2.0200523e-01
   6.7700000e+02   1.8279973e-01
   6.7800000e+02   1.7131277e-01
   6.7900000e+02   1.6708436e-01
   6.8000000e+02   1.7723576e-01
   6.8100000e+02   1.7298876e-01
   6.8200000e+02   1.6843363e-01
   6.8300000e+02   1.7495771e-01
   6.8400000e+02   1.6196642e-01
   6.8500000e+02   1.5816751e-01
   6.8600000e+02   1.4993355e-01
   6.8700000e+02   1.3827090e-01
   6.8800000e+02   1.3679337e-01
   6.8900000e+02   1.4967054e-01
   6.9000000e+02   1.4861047e-01
   6.9100000e+02   1.5254841e-01
   6.9200000e+02   1.6687733e-01
   6.9300000e+02   1.7886278e-01
   6.9400000e+02   1.8133034e-01
   6.9500000e+02   1.8671327e-01
   6.9600000e+02   1.9091789e-01
   6.9700000e+02   1.9438212e-01
   6.9800000e+02   1.7848745e-01
   6.9900000e+02   1.7725435e-01
   7.0000000e+02   1.8607325e-01
   7.0100000e+02   1.9830284e-01
   7.0200000e+02   2.0017789e-01
   7.0300000e+02   2.0235017e-01
   7.0400000e+02   1.9896474e-01
   7.0500000e+02   1.8242237e-01
   7.0600000e+02   1.9740623e-01
   7.0700000e+02   2.0780406e-01
   7.0800000e+02   2.1924614e-01
   7.0900000e+02   2.3729812e-01
   7.1000000e+02   2.5122454e-01
   7.1100000e+02   2.5649990e-01
   7.1200000e+02   2.6963946e-01
   7.1300000e+02   2.8237356e-01
   7.1400000e+02   2.8929828e-01
   7.1500000e+02   3.0018158e-01
   7.1600000e+02   3.0307140e-01
   7.1700000e+02   3.0574818e-01
   7.1800000e+02   3.1671089e-01
   7.1900000e+02   3.2696616e-01
   7.2000000e+02   3.3333666e-01
   7.2100000e+02   3.3786184e-01
   7.2200000e+02   3.2495671e-01
   7.2300000e+02   3.0645519e-01
   7.2400000e+02   2.9648970e-01
   7.2500000e+02   2.8861412e-01
   7.2600000e+02   2.8239686e-01
   7.2700000e+02   2.8594376e-01
   7.2800000e+02   2.8493079e-01
   7.2900000e+02   2.8128178e-01
   7.3000000e+02   2.7084847e-01
   7.3100000e+02   2.6239891e-01
   7.3200000e+02   2.6060822e-01
   7.3300000e+02   2.5451085e-01
   7.3400000e+02   2.5694945e-01
   7.3500000e+02   2.6375937e-01
   7.3600000e+02   2.7168093e-01
   7.3700000e+02   2.7746872e-01
   7.3800000e+02   2.7795417e-01
   7.3900000e+02   2.7255590e-01
   7.4000000e+02   2.5956063e-01
   7.4100000e+02   2.5273041e-01
   7.4200000e+02   2.4995251e-01
   7.4300000e+02   2.4803801e-01
   7.4400000e+02   2.5506349e-01
   7.4500000e+02   2.4702313e-01
   7.4600000e+02   2.3434504e-01
   7.4700000e+02   2.2936968e-01
   7.4800000e+02   2.2663284e-01
   7.4900000e+02   2.3289239e-01
   7.5000000e+02   2.3784613e-01
   7.5100000e+02   2.4349730e-01
   7.5200000e+02   2.5119828e-01
   7.5300000e+02   2.6085378e-01
   7.5400000e+02   2.6430473e-01
   7.5500000e+02   2.7017844e-01
   7.5600000e+02   2.7720693e-01
   7.5700000e+02   2.7613747e-01
   7.5800000e+02   2.7663594e-01
   7.5900000e+02   2.8491589e-01
   7.6000000e+02   2.8786993e-01
   7.6100000e+02   2.8466474e-01
   7.6200000e+02   2.9164283e-01
   7.6300000e+02   2.9037952e-01
   7.6400000e+02   2.9237925e-01
   7.6500000e+02   2.9753850e-01
   7.6600000e+02   3.0629507e-01
   7.6700000e+02   3.2366132e-01
   7.6800000e+02   3.4833272e-01
   7.6900000e+02   3.6414459e-01
   7.7000000e+02   3.7223240e-01
   7.7100000e+02   3.7555845e-01
   7.7200000e+02   3.7988989e-01
   7.7300000e+02   3.8403130e-01
   7.7400000e+02   3.8312960e-01
   7.7500000e+02   3.9402752e-01
   7.7600000e+02   3.9649956e-01
   7.7700000e+02   3.9922585e-01
   7.7800000e+02   4.3136944e-01
   7.7900000e+02   4.5256120e-01
   7.8000000e+02   4.6621793e-01
   7.8100000e+02   4.8405498e-01
   7.8200000e+02   4.9369120e-01
   7.8300000e+02   5.0767906e-01
   7.8400000e+02   5.1345899e-01
   7.8500000e+02   5.1623129e-01
   7.8600000e+02   5.1879002e-01
   7.8700000e+02   5.2045129e-01
   7.8800000e+02   5.3041319e-01
   7.8900000e+02   5.4283115e-01
   7.9000000e+02   5.5443072e-01
   7.9100000e+02   5.6089618e-01
   7.9200000e+02   5.6284355e-01
   7.9300000e+02   5.7780483e-01
   7.9400000e+02   6.0329071e-01
   7.9500000e+02   6.2689297e-01
   7.9600000e+02   6.3365831e-01
   7.9700000e+02   6.6250343e-01
   7.9800000e+02   6.8847319e-01
   7.9900000e+02   7.1269747e-01
   8.0000000e+02   7.4218184e-01
   8.0100000e+02   7.7432898e-01
   8.0200000e+02   8.0336501e-01
   8.0300000e+02   8.2387910e-01
   8.0400000e+02   8.5504156e-01
   8.0500000e+02   8.9715864e-01
   8.0600000e+02   9.3384536e-01
   8.0700000e+02   9.6800472e-01
   8.0800000e+02   1.0036602e+00
   8.0900000e+02   1.0479531e+00
   8.1000000e+02   1.0838547e+00
   8.1100000e+02   1.1207985e+00
   8.1200000e+02   1.1586382e+00
   8.1300000e+02   1.2064241e+00
   8.1400000e+02   1.2471766e+00
   8.1500000e+02   1.2896638e+00
   8.1600000e+02   1.3419062e+00
   8.1700000e+02   1.3901925e+00
   8.1800000e+02   1.4342945e+00
   8.1900000e+02   1.4894787e+00
   8.2000000e+02   1.5403359e+00
   8.2100000e+02   1.5886746e+00
   8.2200000e+02   1.6386249e+00
   8.2300000e+02   1.6848478e+00
   8.2400000e+02   1.7305030e+00
   8.2500000e+02   1.7786807e+00
   8.2600000e+02   1.8218953e+00
   8.2700000e+02   1.8489829e+00
   8.2800000e+02   1.8612250e+00
   8.2900000e+02   1.8669109e+00
   8.3000000e+02   1.8708171e+00
   8.3100000e+02   1.8691683e+00
   8.3200000e+02   1.8430096e+00
   8.3300000e+02   1.8141930e+00
   8.3400000e+02   1.7836999e+00
   8.3500000e+02   1.7528177e+00
   8.3600000e+02   1.7231308e+00
   8.3700000e+02   1.6930864e+00
   8.3800000e+02   1.6676709e+00
   8.3900000e+02   1.6383605e+00
   8.4000000e+02   1.5988027e+00
   8.4100000e+02   1.5514930e+00
   8.4200000e+02   1.4968698e+00
   8.4300000e+02   1.4436878e+00
   8.4400000e+02   1.3958204e+00
   8.4500000e+02   1.3379052e+00
   8.4600000e+02   1.2790202e+00
   8.4700000e+02   1.2230456e+00
   8.4800000e+02   1.1617226e+00
   8.4900000e+02   1.0964705e+00
   8.5000000e+02   1.0352396e+00
   8.5100000e+02   9.7911058e-01
   8.5200000e+02   9.1891920e-01
   8.5300000e+02   8.6411710e-01
   8.5400000e+02   8.1151002e-01
   8.5500000e+02   7.6228299e-01
   8.5600000e+02   7.1540122e-01
   8.5700000e+02   6.6989853e-01
   8.5800000e+02   6.2933679e-01
   8.5900000e+02   5.9351871e-01
   8.6000000e+02   5.6291312e-01
   8.6100000e+02   5.3607113e-01
   8.6200000e+02   5.0805656e-01
   8.6300000e+02   4.9313809e-01
   8.6400000e+02   4.6904177e-01
   8.6500000e+02   4.3587897e-01
   8.6600000e+02   4.2108253e-01
   8.6700000e+02   4.0215262e-01
   8.6800000e+02   3.9384058e-01
   8.6900000e+02   3.9502216e-01
   8.7000000e+02   3.9378143e-01
   8.7100000e+02   3.9267333e-01
   8.7200000e+02   3.9260354e-01
   8.7300000e+02   3.9123953e-01
   8.7400000e+02   3.8667638e-01
   8.7500000e+02   3.8357463e-01
   8.7600000e+02   3.8686270e-01
   8.7700000e+02   3.8850863e-01
   8.7800000e+02   3.9663459e-01
   8.7900000e+02   4.0870752e-01
   8.8000000e+02   3.9704973e-01
   8.8100000e+02   3.8450057e-01
   8.8200000e+02   3.7141946e-01
   8.8300000e+02   3.5153532e-01
   8.8400000e+02   3.4568980e-01
   8.8500000e+02   3.4202911e-01
   8.8600000e+02   3.3217441e-01
   8.8700000e+02   3.2674740e-01
   8.8800000e+02   3.1437322e-01
   8.8900000e+02   2.9725885e-01
   8.9000000e+02   2.8268907e-01
   8.9100000e+02   2.7200148e-01
   8.9200000e+02   2.6170543e-01
   8.9300000e+02   2.5619931e-01
   8.9400000e+02   2.4982746e-01
   8.9500000e+02   2.4061201e-01
   8.9600000e+02   2.1886005e-01
   8.9700000e+02   2.0404845e-01
   8.9800000e+02   1.8957523e-01
   8.9900000e+02   1.8184441e-01
   9.0000000e+02   1.7646548e-01
   9.0100000e+02   1.6531212e-01
   9.0200000e+02   1.6092448e-01
   9.0300000e+02   1.5519213e-01
   9.0400000e+02   1.4674077e-01
   9.0500000e+02   1.3643056e-01
   9.0600000e+02   1.3084591e-01
   9.0700000e+02   1.1981334e-01
   9.0800000e+02   1.0525941e-01
   9.0900000e+02   9.8669070e-02
   9.1000000e+02   9.7511639e-02
   9.1100000e+02   8.0687080e-02
   9.1200000e+02   6.0679518e-02
   9.1300000e+02   5.0463789e-02
   9.1400000e+02   4.2806184e-02
   9.1500000e+02   4.1710263e-02
   9.1600000e+02   4.2730439e-02
   9.1700000e+02   4.2548009e-02
   9.1800000e+02   3.6404821e-02
   9.1900000e+02   3.3781529e-02
   9.2000000e+02   2.6921675e-02
   9.2100000e+02   1.6812711e-02
   9.2200000e+02   3.2213527e-03
   9.2300000e+02  -9.5678793e-04
   9.2400000e+02  -1.3074065e-02
   9.2500000e+02  -3.2196443e-02
   9.2600000e+02  -4.6723726e-02
   9.2700000e+02  -5.3150329e-02
   9.2800000e+02  -5.2792740e-02
   9.2900000e+02  -4.7015533e-02
   9.3000000e+02  -3.9318486e-02
   9.3100000e+02  -3.7866845e-02
   9.3200000e+02  -3.1144898e-02
   9.3300000e+02  -3.4150849e-02
   9.3400000e+02  -4.3910324e-02
   9.3500000e+02  -4.2283401e-02
   9.3600000e+02  -2.8886893e-02
   9.3700000e+02  -2.3342500e-02
   9.3800000e+02  -2.0048349e-02
   9.3900000e+02  -1.7900541e-02
   9.4000000e+02  -1.6419960e-02
   9.4100000e+02  -6.5142392e-03
   9.4200000e+02   3.2550160e-03
   9.4300000e+02   1.2658186e-02
   9.4400000e+02   1.4873456e-02
   9.4500000e+02   2.4019385e-02
   9.4600000e+02   3.5417040e-02
   9.4700000e+02   5.2552652e-02
   9.4800000e+02   6.1848114e-02
   9.4900000e+02   7.0547346e-02
   9.5000000e+02   8.6685551e-02
   9.5100000e+02   9.8677932e-02
   9.5200000e+02   1.0883867e-01
   9.5300000e+02   1.1727681e-01
   9.5400000e+02   1.3028034e-01
   9.5500000e+02   1.4132913e-01
   9.5600000e+02   1.5175438e-01
   9.5700000e+02   1.5039844e-01
   9.5800000e+02   1.4777841e-01
   9.5900000e+02   1.4627167e-01
   9.6000000e+02   1.4465862e-01
   9.6100000e+02   1.4054312e-01
   9.6200000e+02   1.3690876e-01
   9.6300000e+02   1.4023758e-01
   9.6400000e+02   1.2876571e-01
   9.6500000e+02   1.1925628e-01
   9.6600000e+02   1.1219833e-01
   9.6700000e+02   9.5391976e-02
   9.6800000e+02   8.2816511e-02
   9.6900000e+02   6.5794709e-02
   9.7000000e+02   5.5862507e-02
   9.7100000e+02   4.6811111e-02
   9.7200000e+02   4.1242684e-02
   9.7300000e+02   3.7210831e-02
   9.7400000e+02   2.9401990e-02
   9.7500000e+02   2.0955095e-02
   9.7600000e+02   2.0162650e-02
   9.7700000e+02   2.2322706e-02
   9.7800000e+02   2.6069992e-02
   9.7900000e+02   2.9066232e-02
   9.8000000e+02   3.1222359e-02
   9.8100000e+02   2.8318532e-02
   9.8200000e+02   3.3476548e-02
   9.8300000e+02   3.5219019e-02
   9.8400000e+02   4.0961625e-02
   9.8500000e+02   4.6065428e-02
   9.8600000e+02   4.5143151e-02
   9.8700000e+02   4.2728620e-02
   9.8800000e+02   4.0045711e-02
   9.8900000e+02   3.7086542e-02
   9.9000000e+02   3.1359486e-02
   9.9100000e+02   3.1697554e-02
   9.9200000e+02   3.6991440e-02
   9.9300000e+02   3.5089339e-02
   9.9400000e+02   3.5473219e-02
   9.9500000e+02   3.5631684e-02
   9.9600000e+02   3.4641485e-02
   9.9700000e+02   3.3261922e-02
   9.9800000e+02   3.2488721e-02
   9.9900000e+02   4.0960579e-02
   1.0000000e+03   4.2999682e-02
   1.0010000e+03   4.6394055e-02
   1.0020000e+03   5.2387917e-02
   1.0030000e+03   5.2340601e-02
   1.0040000e+03   5.4102173e-02
   1.0050000e+03   4.8940815e-02
   1.0060000e+03   4.8112881e-02
   1.0070000e+03   4.8998644e-02
   1.0080000e+03   4.8687680e-02
   1.0090000e+03   4.3609676e-02
   1.0100000e+03   4.0191094e-02
   1.0110000e+03   3.8548506e-02
   1.0120000e+03   3.3458414e-02
   1.0130000e+03   3.1810177e-02
   1.0140000e+03   3.4497069e-02
   1.0150000e+03   3.5552701e-02
   1.0160000e+03   3.5926696e-02
   1.0170000e+03   3.7747203e-02
   1.0180000e+03   3.4889128e-02
   1.0190000e+03   3.3416757e-02
   1.0200000e+03   3.1780122e-02
   1.0210000e+03   2.5183172e-02
   1.0220000e+03   1.3012431e-02
   1.0230000e+03   1.1973784e-02
   1.0240000e+03   1.3366525e-02
   1.0250000e+03   1.0496178e-02
   1.0260000e+03   1.5055076e-02
   1.0270000e+03   1.6174907e-02
   1.0280000e+03   1.1815406e-02
   1.0290000e+03   1.0901981e-02
   1.0300000e+03   8.6114109e-03
   1.0310000e+03   2.1242580e-03
   1.0320000e+03   1.4941073e-03
   1.0330000e+03   3.1742654e-03
   1.0340000e+03   3.9330475e-03
   1.0350000e+03  -1.7186491e-03
   1.0360000e+03  -1.9134817e-03
   1.0370000e+03   1.9460761e-03
   1.0380000e+03   6.1896612e-03
   1.0390000e+03   5.3612907e-03
   1.0400000e+03   1.3670809e-02
   1.0410000e+03   1.8183434e-02
   1.0420000e+03   1.9906356e-02
   1.0430000e+03   2.3883945e-02
   1.0440000e+03   2.4556062e-02
   1.0450000e+03   2.0691713e-02
   1.0460000e+03   2.3560121e-02
   1.0470000e+03   3.0480971e-02
   1.0480000e+03   3.8478682e-02
   1.0490000e+03   4.5505540e-02
   1.0500000e+03   5.3713382e-02
   1.0510000e+03   6.2927341e-02
   1.0520000e+03   6.4003423e-02
   1.0530000e+03   6.6046378e-02
   1.0540000e+03   5.7342092e-02
   1.0550000e+03   5.0849505e-02
   1.0560000e+03   4.6881833e-02
   1.0570000e+03   4.1178874e-02
   1.0580000e+03   3.8712968e-02
   1.0590000e+03   3.7095906e-02
   1.0600000e+03   3.6016007e-02
   1.0610000e+03   3.8410207e-02
   1.0620000e+03   3.1572959e-02
   1.0630000e+03   3.1340470e-02
   1.0640000e+03   3.1314497e-02
   1.0650000e+03   2.6519759e-02
   1.0660000e+03   2.1903041e-02
   1.0670000e+03   2.4613702e-02
   1.0680000e+03   3.0443203e-02
   1.0690000e+03   3.4431713e-02
   1.0700000e+03   3.6396480e-02
   1.0710000e+03   3.6159708e-02
   1.0720000e+03   3.2074629e-02
   1.0730000e+03   3.4234937e-02
   1.0740000e+03   4.2509471e-02
   1.0750000e+03   4.0952413e-02
   1.0760000e+03   3.8741906e-02
   1.0770000e+03   4.7488151e-02
   1.0780000e+03   5.3782238e-02
   1.0790000e+03   5.6965555e-02
   1.0800000e+03   6.1325487e-02
   1.0810000e+03   6.1390599e-02
   1.0820000e+03   5.1495876e-02
   1.0830000e+03   4.1594346e-02
   1.0840000e+03   3.2531727e-02
   1.0850000e+03   1.9681443e-02
   1.0860000e+03   3.8925577e-03
   1.0870000e+03  -3.8405847e-03
   1.0880000e+03  -8.5001156e-03
   1.0890000e+03  -1.6566962e-02
   1.0900000e+03  -2.4401839e-02
   1.0910000e+03  -2.5791028e-02
   1.0920000e+03  -2.5604871e-02
   1.0930000e+03  -2.4080320e-02
   1.0940000e+03  -1.9921079e-02
   1.0950000e+03  -1.4946894e-02
   1.0960000e+03  -1.0883161e-02
   1.0970000e+03  -4.0775410e-03
   1.0980000e+03   2.0146762e-03
   1.0990000e+03   1.1864119e-02
   1.1000000e+03   1.4800019e-02
   1.1010000e+03   1.0861730e-02
   1.1020000e+03   7.8206936e-03
   1.1030000e+03   8.0045413e-03
   1.1040000e+03   1.0813867e-02
   1.1050000e+03   1.2545325e-02
   1.1060000e+03   1.2260054e-02
   1.1070000e+03   1.2372728e-02
   1.1080000e+03   1.3438573e-02
   1.1090000e+03   1.3156749e-02
   1.1100000e+03   1.2244506e-02
   1.1110000e+03   1.8689652e-02
   1.1120000e+03   2.3241380e-02
   1.1130000e+03   2.2539516e-02
   1.1140000e+03   2.6515844e-02
   1.1150000e+03   3.2068875e-02
   1.1160000e+03   3.6958265e-02
   1.1170000e+03   3.8053926e-02
   1.1180000e+03   3.7277677e-02
   1.1190000e+03   3.9314573e-02
   1.1200000e+03   4.7839856e-02
   1.1210000e+03   5.4358714e-02
   1.1220000e+03   4.7802431e-02
   1.1230000e+03   4.6995327e-02
   1.1240000e+03   4.2564309e-02
   1.1250000e+03   3.6428239e-02
   1.1260000e+03   2.9035634e-02
   1.1270000e+03   1.9160727e-02
   1.1280000e+03   1.0593241e-02
   1.1290000e+03   8.5440563e-03
   1.1300000e+03   1.4500088e-02
   1.1310000e+03   1.2178125e-02
   1.1320000e+03   3.7397513e-03
   1.1330000e+03  -1.3518294e-03
   1.1340000e+03   3.4064301e-03
   1.1350000e+03   2.0639498e-03
   1.1360000e+03   3.4970056e-04
   1.1370000e+03   7.3469357e-05
   1.1380000e+03   2.3594407e-03
   1.1390000e+03   4.2995088e-03
   1.1400000e+03   3.0459727e-03
   1.1410000e+03  -2.9840813e-03
   1.1420000e+03  -2.1819837e-03
   1.1430000e+03  -2.4062186e-03
   1.1440000e+03  -1.1521705e-02
   1.1450000e+03  -1.5834113e-02
   1.1460000e+03  -1.9412224e-02
   1.1470000e+03  -1.9463445e-02
   1.1480000e+03  -1.8192706e-02
   1.1490000e+03  -1.6082510e-02
   1.1500000e+03  -1.0541245e-02
   1.1510000e+03  -1.0136009e-03
   1.1520000e+03   5.3667947e-03
   1.1530000e+03   8.6305441e-03
   1.1540000e+03   8.1771242e-03
   1.1550000e+03   6.9259571e-03
   1.1560000e+03   6.0281891e-03
   1.1570000e+03   1.0335365e-02
   1.1580000e+03   1.2662517e-02
   1.1590000e+03   7.1362634e-03
   1.1600000e+03   1.3119826e-02
   1.1610000e+03   1.3537421e-02
   1.1620000e+03   1.3315137e-02
   1.1630000e+03   1.5773572e-02
   1.1640000e+03   1.7444602e-02
   1.1650000e+03   2.0652481e-02
   1.1660000e+03   2.1254945e-02
   1.1670000e+03   1.6835983e-02
   1.1680000e+03   1.8242274e-02
   1.1690000e+03   2.3158367e-02
   1.1700000e+03   3.0850890e-02
   1.1710000e+03   3.1526790e-02
   1.1720000e+03   3.1523239e-02
   1.1730000e+03   3.6215104e-02
   1.1740000e+03   3.6632029e-02
   1.1750000e+03   3.6904808e-02
   1.1760000e+03   3.6730350e-02
   1.1770000e+03   4.0777603e-02
   1.1780000e+03   4.5698122e-02
   1.1790000e+03   4.5651367e-02
   1.1800000e+03   4.9336037e-02
   1.1810000e+03   4.9177867e-02
   1.1820000e+03   4.7247245e-02
   1.1830000e+03   5.0647736e-02
   1.1840000e+03   5.4368116e-02
   1.1850000e+03   5.4817674e-02
   1.1860000e+03   5.4254610e-02
   1.1870000e+03   5.7070177e-02
   1.1880000e+03   5.6529251e-02
   1.1890000e+03   6.3619686e-02
   1.1900000e+03   6.6200784e-02
   1.1910000e+03   6.9790251e-02
   1.1920000e+03   6.9685458e-02
   1.1930000e+03   6.9167518e-02
   1.1940000e+03   7.5143444e-02
   1.1950000e+03   8.2172143e-02
   1.1960000e+03   8.9014957e-02
   1.1970000e+03   9.0881543e-02
   1.1980000e+03   1.0032182e-01
   1.1990000e+03   1.1101806e-01
   1.2000000e+03   1.1865096e-01
   1.2010000e+03   1.2685989e-01
   1.2020000e+03   1.3954631e-01
   1.2030000e+03   1.5044766e-01
   1.2040000e+03   1.6068901e-01
   1.2050000e+03   1.6995346e-01
   1.2060000e+03   1.7799799e-01
   1.2070000e+03   1.8054813e-01
   1.2080000e+03   1.8361061e-01
   1.2090000e+03   1.8583092e-01
   1.2100000e+03   1.8458351e-01
   1.2110000e+03   1.8167319e-01
   1.2120000e+03   1.7881071e-01
   1.2130000e+03   1.7073740e-01
   1.2140000e+03   1.5868267e-01
   1.2150000e+03   1.5011612e-01
   1.2160000e+03   1.4253547e-01
   1.2170000e+03   1.4271677e-01
   1.2180000e+03   1.3957512e-01
   1.2190000e+03   1.3450996e-01
   1.2200000e+03   1.3142000e-01
   1.2210000e+03   1.3277417e-01
   1.2220000e+03   1.3799458e-01
   1.2230000e+03   1.3981291e-01
   1.2240000e+03   1.3857268e-01
   1.2250000e+03   1.4950940e-01
   1.2260000e+03   1.4986176e-01
   1.2270000e+03   1.4277461e-01
   1.2280000e+03   1.4393148e-01
   1.2290000e+03   1.4948218e-01
   1.2300000e+03   1.5078020e-01
   1.2310000e+03   1.5183115e-01
   1.2320000e+03   1.5491802e-01
   1.2330000e+03   1.6148291e-01
   1.2340000e+03   1.6788803e-01
   1.2350000e+03   1.6262031e-01
   1.2360000e+03   1.6145176e-01
   1.2370000e+03   1.5772103e-01
   1.2380000e+03   1.4977362e-01
   1.2390000e+03   1.3503753e-01
   1.2400000e+03   1.2369539e-01
   1.2410000e+03   1.1545052e-01
   1.2420000e+03   1.0838331e-01
   1.2430000e+03   1.0519951e-01
   1.2440000e+03   9.9829494e-02
   1.2450000e+03   1.0318691e-01
   1.2460000e+03   1.0976503e-01
   1.2470000e+03   1.1409105e-01
   1.2480000e+03   1.1223014e-01
   1.2490000e+03   1.1117979e-01
   1.2500000e+03   1.2186930e-01
   1.2510000e+03   1.3361475e-01
   1.2520000e+03   1.4304968e-01
   1.2530000e+03   1.4989558e-01
   1.2540000e+03   1.6745433e-01
   1.2550000e+03   1.8302590e-01
   1.2560000e+03   1.9751304e-01
   1.2570000e+03   2.1181617e-01
   1.2580000e+03   2.3637512e-01
   1.2590000e+03   2.6473821e-01
   1.2600000e+03   2.9203639e-01
   1.2610000e+03   3.2690863e-01
   1.2620000e+03   3.7264560e-01
   1.2630000e+03   4.2734369e-01
   1.2640000e+03   4.8918540e-01
   1.2650000e+03   5.5859678e-01
   1.2660000e+03   6.3528045e-01
   1.2670000e+03   7.2140676e-01
   1.2680000e+03   8.2946802e-01
   1.2690000e+03   9.3281645e-01
   1.2700000e+03   1.0327491e+00
   1.2710000e+03   1.1269151e+00
   1.2720000e+03   1.1955990e+00
   1.2730000e+03   1.2543105e+00
   1.2740000e+03   1.2889413e+00
   1.2750000e+03   1.2947314e+00
   1.2760000e+03   1.2887702e+00
   1.2770000e+03   1.2746506e+00
   1.2780000e+03   1.2452173e+00
   1.2790000e+03   1.2045252e+00
   1.2800000e+03   1.1572892e+00
   1.2810000e+03   1.1057600e+00
   1.2820000e+03   1.0388776e+00
   1.2830000e+03   9.5830738e-01
   1.2840000e+03   8.6523328e-01
   1.2850000e+03   7.6971811e-01
   1.2860000e+03   6.7025918e-01
   1.2870000e+03   5.7544018e-01
   1.2880000e+03   4.9394111e-01
   1.2890000e+03   4.1595787e-01
   1.2900000e+03   3.4778540e-01
   1.2910000e+03   3.0180115e-01
   1.2920000e+03   2.5811675e-01
   1.2930000e+03   2.2219343e-01
   1.2940000e+03   1.8982676e-01
   1.2950000e+03   1.6745953e-01
   1.2960000e+03   1.5170094e-01
   1.2970000e+03   1.3870435e-01
   1.2980000e+03   1.2452855e-01
   1.2990000e+03   1.1089707e-01
   1.3000000e+03   9.8337331e-02
   1.3010000e+03   8.6493360e-02
   1.3020000e+03   7.6408640e-02
   1.3030000e+03   7.0954574e-02
   1.3040000e+03   6.8528182e-02
   1.3050000e+03   6.0430387e-02
   1.3060000e+03   5.9406640e-02
   1.3070000e+03   5.8848553e-02
   1.3080000e+03   5.4186900e-02
   1.3090000e+03   5.3029680e-02
   1.3100000e+03   5.4603853e-02
   1.3110000e+03   5.8234489e-02
   1.3120000e+03   6.0883725e-02
   1.3130000e+03   6.1716061e-02
   1.3140000e+03   6.1232122e-02
   1.3150000e+03   6.2167832e-02
   1.3160000e+03   6.3119646e-02
   1.3170000e+03   6.9431872e-02
   1.3180000e+03   7.2518564e-02
   1.3190000e+03   7.4068306e-02
   1.3200000e+03   7.4150632e-02
   1.3210000e+03   7.8278750e-02
   1.3220000e+03   7.5631272e-02
   1.3230000e+03   7.5845399e-02
   1.3240000e+03   7.7728899e-02
   1.3250000e+03   7.9459038e-02
   1.3260000e+03   8.8648890e-02
   1.3270000e+03   9.1499038e-02
   1.3280000e+03   9.1714211e-02
   1.3290000e+03   9.7521450e-02
   1.3300000e+03   1.0228333e-01
   1.3310000e+03   1.0524281e-01
   1.3320000e+03   1.1209736e-01
   1.3330000e+03   1.1481577e-01
   1.3340000e+03   1.1440913e-01
   1.3350000e+03   1.1477397e-01
   1.3360000e+03   1.1769941e-01
   1.3370000e+03   1.2081340e-01
   1.3380000e+03   1.2172897e-01
   1.3390000e+03   1.1999416e-01
   1.3400000e+03   1.2549780e-01
   1.3410000e+03   1.2984102e-01
   1.3420000e+03   1.3105387e-01
   1.3430000e+03   1.3746654e-01
   1.3440000e+03   1.4188675e-01
   1.3450000e+03   1.4077237e-01
   1.3460000e+03   1.3547387e-01
   1.3470000e+03   1.3218522e-01
   1.3480000e+03   1.2894891e-01
   1.3490000e+03   1.2921249e-01
   1.3500000e+03   1.2617436e-01
   1.3510000e+03   1.1913925e-01
   1.3520000e+03   1.1092954e-01
   1.3530000e+03   1.1133401e-01
   1.3540000e+03   1.1133631e-01
   1.3550000e+03   1.0610136e-01
   1.3560000e+03   1.0479848e-01
   1.3570000e+03   1.0266265e-01
   1.3580000e+03   9.9965264e-02
   1.3590000e+03   9.8071971e-02
   1.3600000e+03   9.9611497e-02
   1.3610000e+03   1.0171970e-01
   1.3620000e+03   1.0401567e-01
   1.3630000e+03   1.0183091e-01
   1.3640000e+03   1.0382272e-01
   1.3650000e+03   1.0957676e-01
   1.3660000e+03   1.1309401e-01
   1.3670000e+03   1.1743431e-01
   1.3680000e+03   1.2231633e-01
   1.3690000e+03   1.2973206e-01
   1.3700000e+03   1.3118210e-01
   1.3710000e+03   1.2614464e-01
   1.3720000e+03   1.2486957e-01
   1.3730000e+03   1.2980470e-01
   1.3740000e+03   1.2395621e-01
   1.3750000e+03   1.1452035e-01
   1.3760000e+03   1.0270077e-01
   1.3770000e+03   9.5434665e-02
   1.3780000e+03   9.0901037e-02
   1.3790000e+03   8.7987247e-02
   1.3800000e+03   8.7631953e-02
   1.3810000e+03   8.9957942e-02
   1.3820000e+03   9.2763586e-02
   1.3830000e+03   8.9337582e-02
   1.3840000e+03   9.4611879e-02
   1.3850000e+03   1.0446370e-01
   1.3860000e+03   1.1049706e-01
   1.3870000e+03   1.1409602e-01
   1.3880000e+03   1.1932486e-01
   1.3890000e+03   1.1993472e-01
   1.3900000e+03   1.2680599e-01
   1.3910000e+03   1.3122125e-01
   1.3920000e+03   1.3433762e-01
   1.3930000e+03   1.3701336e-01
   1.3940000e+03   1.4019534e-01
   1.3950000e+03   1.5357585e-01
   1.3960000e+03   1.5682568e-01
   1.3970000e+03   1.6300805e-01
   1.3980000e+03   1.7396558e-01
   1.3990000e+03   1.8511820e-01
   1.4000000e+03   1.9924883e-01
   1.4010000e+03   2.0941160e-01
   1.4020000e+03   2.2085945e-01
   1.4030000e+03   2.3663622e-01
   1.4040000e+03   2.5979512e-01
   1.4050000e+03   2.8565719e-01
   1.4060000e+03   3.1490130e-01
   1.4070000e+03   3.4243357e-01
   1.4080000e+03   3.7114198e-01
   1.4090000e+03   3.9132554e-01
   1.4100000e+03   4.0656397e-01
   1.4110000e+03   4.1110053e-01
   1.4120000e+03   4.1263406e-01
   1.4130000e+03   4.1407659e-01
   1.4140000e+03   4.1555253e-01
   1.4150000e+03   4.0728652e-01
   1.4160000e+03   3.9181394e-01
   1.4170000e+03   3.8120147e-01
   1.4180000e+03   3.6543870e-01
   1.4190000e+03   3.4515001e-01
   1.4200000e+03   3.2604870e-01
   1.4210000e+03   3.0529597e-01
   1.4220000e+03   2.7442505e-01
   1.4230000e+03   2.4015836e-01
   1.4240000e+03   2.2039105e-01
   1.4250000e+03   2.0465461e-01
   1.4260000e+03   1.8904129e-01
   1.4270000e+03   1.7865949e-01
   1.4280000e+03   1.8010827e-01
   1.4290000e+03   1.7152916e-01
   1.4300000e+03   1.6481820e-01
   1.4310000e+03   1.6306757e-01
   1.4320000e+03   1.5912458e-01
   1.4330000e+03   1.5767953e-01
   1.4340000e+03   1.5332973e-01
   1.4350000e+03   1.4681546e-01
   1.4360000e+03   1.4510309e-01
   1.4370000e+03   1.4615384e-01
   1.4380000e+03   1.4370710e-01
   1.4390000e+03   1.4614596e-01
   1.4400000e+03   1.5142326e-01
   1.4410000e+03   1.5389989e-01
   1.4420000e+03   1.5655774e-01
   1.4430000e+03   1.5801212e-01
   1.4440000e+03   1.5278167e-01
   1.4450000e+03   1.5092191e-01
   1.4460000e+03   1.5026782e-01
   1.4470000e+03   1.5028207e-01
   1.4480000e+03   1.5500702e-01
   1.4490000e+03   1.6123082e-01
   1.4500000e+03   1.5820820e-01
   1.4510000e+03   1.5011217e-01
   1.4520000e+03   1.4535349e-01
   1.4530000e+03   1.4327862e-01
   1.4540000e+03   1.3386081e-01
   1.4550000e+03   1.2429272e-01
   1.4560000e+03   1.1727512e-01
   1.4570000e+03   1.1489214e-01
   1.4580000e+03   1.1487262e-01
   1.4590000e+03   1.1107498e-01
   1.4600000e+03   1.0807910e-01
   1.4610000e+03   1.0342839e-01
   1.4620000e+03   9.7199224e-02
   1.4630000e+03   9.7789950e-02
   1.4640000e+03   9.4942887e-02
   1.4650000e+03   9.2314101e-02
   1.4660000e+03   9.0852581e-02
   1.4670000e+03   8.6267969e-02
   1.4680000e+03   8.2276160e-02
   1.4690000e+03   8.2573117e-02
   1.4700000e+03   7.7994126e-02
   1.4710000e+03   7.3502543e-02
   1.4720000e+03   7.4138534e-02
   1.4730000e+03   8.2429291e-02
   1.4740000e+03   8.8390839e-02
   1.4750000e+03   9.1083613e-02
   1.4760000e+03   8.5916800e-02
   1.4770000e+03   8.9477170e-02
   1.4780000e+03   9.7995798e-02
   1.4790000e+03   1.0693469e-01
   1.4800000e+03   1.1745854e-01
   1.4810000e+03   1.2255063e-01
   1.4820000e+03   1.2188159e-01
   1.4830000e+03   1.1842221e-01
   1.4840000e+03   1.2783197e-01
   1.4850000e+03   1.2965769e-01
   1.4860000e+03   1.2738081e-01
   1.4870000e+03   1.2788245e-01
   1.4880000e+03   1.3385138e-01
   1.4890000e+03   1.3982351e-01
   1.4900000e+03   1.4960282e-01
   1.4910000e+03   1.5425978e-01
   1.4920000e+03   1.5719223e-01
   1.4930000e+03   1.6322089e-01
   1.4940000e+03   1.6001320e-01
   1.4950000e+03   1.5310318e-01
   1.4960000e+03   1.4955557e-01
   1.4970000e+03   1.4466783e-01
   1.4980000e+03   1.4499775e-01
   1.4990000e+03   1.4706849e-01
   1.5000000e+03   1.4653943e-01
   1.5010000e+03   1.4122805e-01
   1.5020000e+03   1.3816682e-01
   1.5030000e+03   1.4124496e-01
   1.5040000e+03   1.3572736e-01
   1.5050000e+03   1.3473237e-01
   1.5060000e+03   1.3400945e-01
   1.5070000e+03   1.3275802e-01
   1.5080000e+03   1.2408026e-01
   1.5090000e+03   1.1426438e-01
   1.5100000e+03   1.1326935e-01
   1.5110000e+03   1.0959038e-01
   1.5120000e+03   1.0479519e-01
   1.5130000e+03   9.9748801e-02
   1.5140000e+03   9.6931810e-02
   1.5150000e+03   9.3180035e-02
   1.5160000e+03   9.2302086e-02
   1.5170000e+03   9.1477317e-02
   1.5180000e+03   8.9798268e-02
   1.5190000e+03   8.6683121e-02
   1.5200000e+03   8.6351742e-02
   1.5210000e+03   8.5411542e-02
   1.5220000e+03   8.2260302e-02
   1.5230000e+03   8.3345623e-02
   1.5240000e+03   8.1464064e-02
   1.5250000e+03   7.6747432e-02
   1.5260000e+03   6.9299880e-02
   1.5270000e+03   6.2409232e-02
   1.5280000e+03   5.6807376e-02
   1.5290000e+03   6.2007035e-02
   1.5300000e+03   6.1858839e-02
   1.5310000e+03   6.1766858e-02
   1.5320000e+03   6.7254167e-02
   1.5330000e+03   7.0501216e-02
   1.5340000e+03   7.8239662e-02
   1.5350000e+03   7.3454703e-02
   1.5360000e+03   7.2654717e-02
   1.5370000e+03   7.0779350e-02
   1.5380000e+03   6.5034664e-02
   1.5390000e+03   6.2673380e-02
   1.5400000e+03   6.4387625e-02
   1.5410000e+03   6.7792085e-02
   1.5420000e+03   6.9150539e-02
   1.5430000e+03   7.1509331e-02
   1.5440000e+03   7.8747971e-02
   1.5450000e+03   8.4618769e-02
   1.5460000e+03   8.6584905e-02
   1.5470000e+03   8.9431774e-02
   1.5480000e+03   9.3797327e-02
   1.5490000e+03   1.0074218e-01
   1.5500000e+03   9.5882869e-02
   1.5510000e+03   1.0119273e-01
   1.5520000e+03   1.0976413e-01
   1.5530000e+03   1.1347023e-01
   1.5540000e+03   1.1399757e-01
   1.5550000e+03   1.1246959e-01
   1.5560000e+03   1.1608975e-01
   1.5570000e+03   1.2040794e-01
   1.5580000e+03   1.2797497e-01
   1.5590000e+03   1.3738300e-01
   1.5600000e+03   1.3828136e-01
   1.5610000e+03   1.3556561e-01
   1.5620000e+03   1.3535166e-01
   1.5630000e+03   1.3773694e-01
   1.5640000e+03   1.2578648e-01
   1.5650000e+03   1.1590426e-01
   1.5660000e+03   1.0787540e-01
   1.5670000e+03   1.0571070e-01
   1.5680000e+03   1.0592779e-01
   1.5690000e+03   1.0340339e-01
   1.5700000e+03   9.4603424e-02
   1.5710000e+03   9.5396245e-02
   1.5720000e+03   9.0161758e-02
   1.5730000e+03   8.6511907e-02
   1.5740000e+03   9.1131161e-02
   1.5750000e+03   9.4658597e-02
   1.5760000e+03   9.6297394e-02
   1.5770000e+03   9.8129355e-02
   1.5780000e+03   9.4807881e-02
   1.5790000e+03   9.3309454e-02
   1.5800000e+03   9.5711383e-02
   1.5810000e+03   8.8627811e-02
   1.5820000e+03   8.7093481e-02
   1.5830000e+03   8.7764331e-02
   1.5840000e+03   9.3410605e-02
   1.5850000e+03   9.2276845e-02
   1.5860000e+03   8.0753706e-02
   1.5870000e+03   6.9613624e-02
   1.5880000e+03   6.6929709e-02
   1.5890000e+03   7.0690977e-02
   1.5900000e+03   7.6829409e-02
   1.5910000e+03   8.4059778e-02
   1.5920000e+03   9.5435878e-02
   1.5930000e+03   1.0821654e-01
   1.5940000e+03   1.2373825e-01
   1.5950000e+03   1.3871831e-01
   1.5960000e+03   1.4572294e-01
   1.5970000e+03   1.5281791e-01
   1.5980000e+03   1.6034658e-01
   1.5990000e+03   1.7446559e-01
   1.6000000e+03   1.7887972e-01
   1.6010000e+03   1.8048760e-01
   1.6020000e+03   1.7353564e-01
   1.6030000e+03   1.6957681e-01
   1.6040000e+03   1.7073412e-01
   1.6050000e+03   1.7717450e-01
   1.6060000e+03   1.6837257e-01
   1.6070000e+03   1.6644662e-01
   1.6080000e+03   1.5865048e-01
   1.6090000e+03   1.2388845e-01
   1.6100000e+03   9.7197215e-02
   1.6110000e+03   7.9275007e-02
   1.6120000e+03   7.0070876e-02
   1.6130000e+03   6.3290220e-02
   1.6140000e+03   5.3595225e-02
   1.6150000e+03   4.5529325e-02
   1.6160000e+03   4.6798033e-02
   1.6170000e+03   3.9134862e-02
   1.6180000e+03   3.2179433e-02
   1.6190000e+03   2.7810493e-02
   1.6200000e+03   2.4970852e-02
   1.6210000e+03   1.5764038e-02
   1.6220000e+03   9.4901478e-03
   1.6230000e+03  -2.4586088e-03
   1.6240000e+03  -1.6721083e-03
   1.6250000e+03   5.8702500e-04
   1.6260000e+03   1.0242238e-03
   1.6270000e+03   8.8314360e-03
   1.6280000e+03   2.0980662e-02
   1.6290000e+03   2.7719255e-02
   1.6300000e+03   2.3358244e-02
   1.6310000e+03   1.3560238e-02
   1.6320000e+03   9.6671618e-03
   1.6330000e+03  -3.9559618e-03
   1.6340000e+03  -7.8993976e-03
   1.6350000e+03  -1.0599461e-02
   1.6360000e+03  -1.6389025e-02
   1.6370000e+03  -2.7123927e-02
   1.6380000e+03  -3.7296758e-02
   1.6390000e+03  -4.1043998e-02
   1.6400000e+03  -3.6901575e-02
   1.6410000e+03  -3.6979033e-02
   1.6420000e+03  -3.4028479e-02
   1.6430000e+03  -2.6554773e-02
   1.6440000e+03  -1.1962297e-02
   1.6450000e+03  -1.0411315e-02
   1.6460000e+03  -1.1462788e-02
   1.6470000e+03  -8.0976656e-03
   1.6480000e+03   1.7036128e-02
   1.6490000e+03   3.2586378e-02
   1.6500000e+03   4.1946257e-02
   1.6510000e+03   4.9842342e-02
   1.6520000e+03   5.3571928e-02
   1.6530000e+03   5.2564998e-02
   1.6540000e+03   4.8954229e-02
   1.6550000e+03   5.1991942e-02
   1.6560000e+03   6.0969276e-02
   1.6570000e+03   6.8939900e-02
   1.6580000e+03   6.6648792e-02
   1.6590000e+03   6.6482682e-02
   1.6600000e+03   6.4210732e-02
   1.6610000e+03   6.9600401e-02
   1.6620000e+03   8.5636996e-02
   1.6630000e+03   8.7306446e-02
   1.6640000e+03   8.3827652e-02
   1.6650000e+03   8.7975696e-02
   1.6660000e+03   8.8311091e-02
   1.6670000e+03   9.1071778e-02
   1.6680000e+03   1.0099736e-01
   1.6690000e+03   1.1462115e-01
   1.6700000e+03   1.2378893e-01
   1.6710000e+03   1.2494504e-01
   1.6720000e+03   1.2083800e-01
   1.6730000e+03   1.1578753e-01
   1.6740000e+03   1.0204111e-01
   1.6750000e+03   9.9624438e-02
   1.6760000e+03   9.9985813e-02
   1.6770000e+03   1.0787416e-01
   1.6780000e+03   1.1842940e-01
   1.6790000e+03   1.2053466e-01
   1.6800000e+03   1.1531987e-01
   1.6810000e+03   1.1497451e-01
   1.6820000e+03   1.1197133e-01
   1.6830000e+03   1.0592728e-01
   1.6840000e+03   1.0057393e-01
   1.6850000e+03   9.9843001e-02
   1.6860000e+03   1.0299025e-01
   1.6870000e+03   1.2217551e-01
   1.6880000e+03   1.2459861e-01
   1.6890000e+03   1.2500496e-01
   1.6900000e+03   1.3131940e-01
   1.6910000e+03   1.3154613e-01
   1.6920000e+03   1.3358868e-01
   1.6930000e+03   1.3982359e-01
   1.6940000e+03   1.4537050e-01
   1.6950000e+03   1.4129405e-01
   1.6960000e+03   1.4195080e-01
   1.6970000e+03   1.4544806e-01
   1.6980000e+03   1.4566981e-01
   1.6990000e+03   1.4533359e-01
   1.7000000e+03   1.4913568e-01
   1.7010000e+03   1.3862576e-01
   1.7020000e+03   1.3541391e-01
   1.7030000e+03   1.3078896e-01
   1.7040000e+03   1.2797602e-01
   1.7050000e+03   1.3045956e-01
   1.7060000e+03   1.3587645e-01
   1.7070000e+03   1.3127915e-01
   1.7080000e+03   1.2827941e-01
   1.7090000e+03   1.2297996e-01
   1.7100000e+03   1.2332368e-01
   1.7110000e+03   1.2016776e-01
   1.7120000e+03   1.1724096e-01
   1.7130000e+03   1.1589981e-01
   1.7140000e+03   1.0936397e-01
   1.7150000e+03   1.0204083e-01
   1.7160000e+03   1.0321011e-01
   1.7170000e+03   1.0925050e-01
   1.7180000e+03   1.0705067e-01
   1.7190000e+03   1.0779031e-01
   1.7200000e+03   1.0865549e-01
   1.7210000e+03   1.0450208e-01
   1.7220000e+03   1.0350377e-01
   1.7230000e+03   9.8194185e-02
   1.7240000e+03   9.4991827e-02
   1.7250000e+03   9.4612066e-02
   1.7260000e+03   9.4219302e-02
   1.7270000e+03   8.8031501e-02
   1.7280000e+03   7.6050773e-02
   1.7290000e+03   6.8262256e-02
   1.7300000e+03   6.2740180e-02
   1.7310000e+03   6.4126315e-02
   1.7320000e+03   6.5633172e-02
   1.7330000e+03   5.8807715e-02
   1.7340000e+03   5.1664187e-02
   1.7350000e+03   4.9675748e-02
   1.7360000e+03   4.7223635e-02
   1.7370000e+03   4.3619258e-02
   1.7380000e+03   4.2243359e-02
   1.7390000e+03   3.5976858e-02
   1.7400000e+03   3.1551291e-02
   1.7410000e+03   2.6441360e-02
   1.7420000e+03   2.4144352e-02
   1.7430000e+03   2.2003897e-02
   1.7440000e+03   1.8842101e-02
   1.7450000e+03   2.5566181e-02
   1.7460000e+03   2.8471665e-02
   1.7470000e+03   2.8412027e-02
   1.7480000e+03   2.6474265e-02
   1.7490000e+03   3.0692413e-02
   1.7500000e+03   3.1257564e-02
   1.7510000e+03   3.1083946e-02
   1.7520000e+03   3.0512201e-02
   1.7530000e+03   2.9721874e-02
   1.7540000e+03   3.2962021e-02
   1.7550000e+03   3.5465681e-02
   1.7560000e+03   3.4103995e-02
   1.7570000e+03   3.2345003e-02
   1.7580000e+03   3.2110667e-02
   1.7590000e+03   3.6703289e-02
   1.7600000e+03   4.7363150e-02
   1.7610000e+03   4.4910256e-02
   1.7620000e+03   4.0666583e-02
   1.7630000e+03   4.1086459e-02
   1.7640000e+03   3.9875435e-02
   1.7650000e+03   3.5076723e-02
   1.7660000e+03   3.0904715e-02
   1.7670000e+03   2.1893169e-02
   1.7680000e+03   1.9965966e-02
   1.7690000e+03   2.1878948e-02
   1.7700000e+03   2.1381211e-02
   1.7710000e+03   2.5314447e-02
   1.7720000e+03   2.5583755e-02
   1.7730000e+03   2.5528456e-02
   1.7740000e+03   2.8493034e-02
   1.7750000e+03   2.6711993e-02
   1.7760000e+03   2.7113419e-02
   1.7770000e+03   3.2017062e-02
   1.7780000e+03   2.9925406e-02
   1.7790000e+03   2.7483056e-02
   1.7800000e+03   2.7077732e-02
   1.7810000e+03   3.0746856e-02
   1.7820000e+03   3.5832375e-02
   1.7830000e+03   3.5842182e-02
   1.7840000e+03   3.7374363e-02
   1.7850000e+03   3.8572758e-02
   1.7860000e+03   3.9877232e-02
   1.7870000e+03   3.8388161e-02
   1.7880000e+03   3.6718068e-02
   1.7890000e+03   3.9576715e-02
   1.7900000e+03   3.9398088e-02
   1.7910000e+03   3.8531111e-02
   1.7920000e+03   4.3671384e-02
   1.7930000e+03   4.3404447e-02
   1.7940000e+03   3.8497397e-02
   1.7950000e+03   3.7450877e-02
   1.7960000e+03   4.5706540e-02
   1.7970000e+03   4.8258504e-02
   1.7980000e+03   4.4205805e-02
   1.7990000e+03   5.3840541e-02
